162
6;3;3;3
99;81;73;-60;54;112;49;-1;-60;93;83;-51;-33;93;8;-48;23;-19;-84;-126;40;13;-63;-56;-73;-127;-38;-10;116;-99;72;25;33;-118;-13;-60;-82;15;1;92;-80;88;-72;-98;-106;59;-79;-127;-20;32;-5;10;116;116;46;-35;79;26;-50;69;-14;-2;13;-67;-34;-12;-42;3;18;-43;-127;-18;-57;-7;-4;-9;-43;-25;-77;33;-83;25;-119;-46;-56;-37;4;98;76;-29;-39;12;46;-127;-67;27;-98;-89;82;-88;78;31;52;13;-18;5;-78;-44;-119;-34;103;-127;-73;-6;-40;-94;-67;-56;-27;-123;-120;25;31;-80;-96;-89;-39;-77;-116;-83;-62;95;67;57;109;70;-12;1;-43;95;-94;-3;28;-2;-70;10;7;95;127;83;-31;124;-58;-5;-87;-22;-48;114;18;123;-2;64;
6
-87;90;48;64;34;-2843;
6;
0.0018483251;0.002575282;0.0042736367;0.002971461;0.0024511064;0.0013988818;
1.0;
-128;
0.9051816;
-128;
864
16;3;3;6
28;14;-15;8;-8;31;46;-29;11;-25;50;23;4;-29;-9;-14;-20;18;-22;-6;44;-57;27;-8;-40;28;-60;-74;-14;-25;3;25;-14;-127;-20;-15;-21;33;-16;27;25;24;-25;-58;-32;-43;33;-25;-51;-32;-57;8;3;-9;-45;-3;21;10;-31;-13;-78;18;-26;77;52;-127;-40;-24;-5;-79;-26;-85;23;89;65;1;-28;-45;7;-73;9;-50;-84;-35;34;-10;35;26;101;23;-37;21;-30;21;16;-20;-14;-71;-35;43;-46;2;-35;-14;6;-15;-6;20;-61;1;-127;61;-57;44;-46;-49;-8;22;41;1;-94;72;-58;41;-15;21;3;-26;15;30;24;15;26;-4;-31;47;-97;-9;35;53;1;-24;-81;34;39;-8;-26;-34;60;49;-43;-56;47;-95;8;1;-49;28;0;8;-38;0;-48;-55;-38;-37;-14;-17;-11;-8;28;4;-14;2;62;7;-15;2;27;7;-55;-35;-42;-16;-12;0;6;32;15;-29;-77;-51;46;-23;-8;-55;-6;25;-20;-17;19;127;-53;-8;-9;23;7;109;-78;-1;39;16;39;-16;-4;-24;88;-14;-40;-68;-44;-5;-31;17;-107;24;-10;68;-27;60;-12;-16;12;-50;33;-14;51;-83;-30;51;-56;-26;-53;-50;-127;-5;-6;-13;-115;58;73;-77;-27;-88;20;-33;37;13;-65;-41;34;65;61;-10;47;16;-65;7;0;-16;-1;69;-41;39;0;-76;34;51;40;-34;-34;-86;-37;-51;-41;-25;-91;46;55;69;-4;56;-3;64;21;47;-17;-81;-31;-59;-127;-48;-5;44;52;2;25;95;47;13;-6;29;46;39;13;-84;0;-45;1;-9;66;45;38;21;-10;1;27;39;98;46;18;26;7;-10;18;25;5;66;44;25;58;13;-73;6;20;99;56;-36;15;22;-1;96;9;3;-2;16;-36;30;-26;36;-51;-91;-60;-127;-26;-27;-37;7;-13;-4;14;-35;-64;-28;-38;-58;-5;-99;-122;-69;-25;-24;-114;-29;-53;-22;-61;22;60;51;-11;-31;-53;36;57;43;14;46;1;35;-101;-34;-71;22;4;18;55;-41;18;101;1;-80;17;-71;-45;-77;24;-42;-42;37;-40;-2;-61;15;-11;11;127;84;-49;-51;-28;6;67;-24;26;41;-23;38;-17;11;-28;21;-127;-62;-20;-45;-7;-14;-42;23;67;-21;4;-1;-27;-10;-16;-37;12;-57;-65;-1;-30;-26;-15;-34;7;-18;35;18;-32;-20;-12;17;-36;-33;-5;-40;-57;-32;-43;-29;8;-1;34;4;54;-127;-49;-36;-15;-37;66;-58;-4;36;-62;-63;37;-23;-27;-88;-21;22;60;-85;-16;54;-37;-50;14;-63;58;14;38;18;4;-62;97;-53;-8;-7;-22;-7;2;21;9;51;-105;-54;2;-2;-5;-14;-103;-3;-7;81;64;28;113;-51;-89;103;-62;51;102;-7;54;85;-6;43;29;16;32;-72;-31;1;-49;-18;44;-83;-76;-88;34;-25;-33;6;-14;5;31;-51;-30;-3;27;-35;-124;47;109;58;-110;-25;-127;35;49;-74;-60;-34;-12;-60;73;-34;-54;31;-22;-25;18;-76;-127;4;41;89;2;18;9;51;68;82;-67;47;-73;-12;-56;-35;17;-79;-5;-54;-69;-59;-22;15;51;-26;-4;-24;-112;-13;25;23;101;38;-69;-62;7;-23;-6;-74;-58;-21;-23;-16;-47;-69;35;50;29;-42;21;-25;9;-42;22;15;10;17;-46;40;-60;-19;-26;-6;-30;-105;47;-3;30;-73;-68;127;12;33;-33;-13;-81;50;-65;-44;5;-23;21;-59;13;-50;-39;-36;46;5;-75;-22;-39;41;6;-66;-102;-32;3;4;-60;-2;75;21;-33;-21;-39;29;-2;43;-17;-10;0;33;29;21;-72;-30;12;-32;5;-69;-41;-38;59;1;5;-24;16;2;-2;59;-1;-56;-38;28;-10;-40;-4;-12;94;-60;13;-41;-28;-23;8;-127;-15;-6;-42;16;-22;7;-39;-56;-9;28;65;51;-32;-28;-23;-54;27;-12;72;92;54;30;-95;35;52;18;-50;-69;30;29;-92;104;-10;15;19;-92;-46;-10;-126;-127;-25;28;44;-37;-36;-83;-60;46;29;57;16;12;-1;47;-60;36;-19;-39;55;24;-72;-20;-42;-29;106;-9;-32;-24;-38;1;74;7;-26;-90;-127;-17;-27;25;-43;33;20;75;-9;29;48;59;-16;29;-98;10;-20;-31;-29;17;-47;-9;-17;35;-25;-21;-9;-3;80;33;13;-12;-37;17;47;34;-5;-28;46;-101;-30;-32;-17;-24;
16
40;-75;184;26;113;-29;-35;160;71;-316;-178;41;-177;153;-127;-96;
16;
0.0056821513;0.0031809546;0.0041520223;0.0038171678;0.0032978484;0.002597352;0.004500041;0.0031520436;0.0047616605;0.002644201;0.002514051;0.0033697966;0.0040671695;0.0048878407;0.0028588222;0.0030669728;
0.9051816;
-128;
0.3773871;
-128;
4608
32;3;3;16
-31;-12;-7;-45;100;55;-20;-44;5;-48;-66;-47;69;24;30;-30;-19;62;29;14;-66;22;-12;15;73;-34;68;-29;3;-28;8;-16;-14;13;55;10;52;-127;-33;76;-75;-48;38;58;-57;-7;1;23;-27;-15;-76;28;43;-22;-5;-3;-63;-57;15;46;29;13;-12;12;-19;17;-109;23;20;62;-3;-75;-18;-18;-19;-7;26;3;-2;-5;-41;28;-45;14;-1;3;-12;-12;-76;19;20;-7;-3;-54;-43;-63;-19;-1;21;-30;10;-49;12;41;-40;66;12;-17;-7;27;61;-60;-50;-16;3;-51;16;10;-29;-32;-22;-83;-29;-69;8;-20;-10;-75;4;-2;-22;-8;15;16;-20;-62;-10;-13;-20;-92;21;-47;-16;-24;14;0;17;21;-33;1;4;2;14;15;-27;57;-20;-50;-27;15;-19;-2;10;13;-35;-56;-36;-56;-10;-42;-26;-30;-3;9;-17;-17;-44;-19;-51;-18;6;7;42;29;-42;-16;-29;-16;9;-35;0;-83;-58;6;127;-26;-4;-38;-60;6;-27;23;39;10;-40;16;-29;36;-66;-71;38;-22;34;-98;-70;13;77;6;-1;-61;-51;47;-59;-31;4;16;-43;8;-14;-42;-68;-37;-25;44;-11;-40;30;-49;34;47;4;28;5;-4;-73;-14;-10;26;-14;-18;33;33;38;-54;10;36;2;23;43;23;-4;-54;9;69;14;36;24;39;-74;14;41;27;-50;16;18;4;-30;-47;-13;-58;1;-17;-9;-38;6;38;-34;15;-62;59;0;18;-118;-84;-30;43;115;7;47;19;-76;32;28;-85;7;-29;-68;-16;52;-24;-31;18;-107;-23;-19;-17;-2;2;49;-15;-22;-42;34;-33;26;5;27;-55;-63;-4;0;-53;57;56;-38;16;-25;17;12;13;53;4;45;-41;42;89;-38;-26;-10;-4;2;-3;-47;9;-19;-28;-42;-94;-57;-21;-65;47;-22;-30;-67;-31;-18;-24;33;9;20;-19;44;-110;-29;32;74;33;27;-55;3;56;7;-19;-3;-53;119;-47;10;32;94;81;61;-28;-31;24;16;-18;-31;57;-33;33;29;32;-85;28;-51;-37;43;-73;-72;-32;15;-19;-89;-70;-9;24;-68;13;-18;-127;-92;5;8;-91;52;-109;44;2;-24;9;-75;-3;6;34;-8;39;-32;-42;6;127;-14;-38;14;25;-4;24;-110;20;-10;41;-38;-69;-14;-68;-10;-18;5;-56;12;57;47;49;50;-65;-30;17;-41;-69;48;46;-10;-53;76;-19;6;-4;14;-53;-21;-45;-100;-49;-45;-17;53;50;-39;-27;16;-9;10;-110;-63;45;-50;13;-24;-16;37;57;28;-35;-57;-52;-49;2;-76;-104;-91;-30;-2;59;-37;15;-43;-34;-46;-45;-88;-5;10;-49;-27;-119;31;9;15;32;-6;15;-4;-88;-29;86;-92;-45;62;4;-12;-14;-4;-1;3;3;100;2;127;57;-7;-13;-35;-85;2;-69;-70;-27;28;-113;25;18;92;36;79;89;12;-47;-40;-114;-38;-78;15;11;-41;-3;19;22;-81;9;-11;-27;-19;13;-72;-40;29;-33;8;-33;3;-46;-25;-6;-127;-21;-28;-20;-1;33;-25;-99;-3;55;-16;-88;-13;-21;-70;53;-108;20;-25;-13;-38;43;-22;29;49;22;-8;22;10;-41;27;-10;30;-8;-68;-38;67;6;4;16;6;45;-1;28;34;15;26;-27;-28;25;-53;-64;6;34;-61;-11;15;43;-14;49;-5;-53;-4;25;-51;-14;-6;18;-23;43;2;-11;4;-15;13;14;8;-1;-22;-11;-10;11;-42;-13;6;24;2;-33;-23;49;3;76;-14;25;19;-25;-15;-26;-32;-7;40;16;14;-6;-16;7;-38;41;19;-37;21;9;-28;-5;-22;-10;-5;-13;14;12;-58;28;25;-4;-16;9;-22;-29;15;27;-52;-59;-18;86;16;33;30;-23;-8;13;8;34;-26;-36;-7;48;37;-38;-5;69;-16;-7;-14;21;7;41;22;-79;-42;25;-34;-22;29;45;7;-45;-50;-29;-64;-53;76;71;39;-24;-6;24;-37;-43;6;10;-53;-40;-37;34;18;-49;-19;3;-29;-24;-57;30;2;-4;39;-59;-59;-31;5;61;63;-50;-37;-32;-51;66;-66;-42;-7;-21;127;27;-13;-59;29;43;22;6;19;-42;-98;-12;4;-4;41;26;1;-14;29;37;-14;0;6;-5;41;40;30;-43;-18;46;66;-4;-69;16;38;-81;-10;-14;-33;-84;-12;24;-15;46;30;59;23;0;-31;-20;-28;11;13;-1;7;33;-70;46;0;10;29;8;-127;12;-44;-40;-19;43;-79;68;-11;44;38;-66;-78;-11;-22;-50;-127;-19;-57;-41;-85;4;26;34;-67;26;29;-39;-8;-36;-9;16;28;14;-17;-83;-50;-53;10;39;4;-29;30;-47;9;8;-50;11;-84;-42;7;-72;-61;23;11;6;24;-62;3;-18;-55;-22;-47;-13;-96;-9;17;-36;-70;-20;31;5;-24;39;37;-100;-41;-89;-46;-30;28;22;12;6;27;-26;-65;77;11;-16;39;-15;-3;33;-1;28;61;-2;8;3;20;9;25;-27;26;-40;9;89;5;17;-46;2;25;-29;49;-56;-11;-3;7;-34;-2;-8;5;3;-5;3;10;11;10;-28;16;26;44;-2;-79;-21;24;-18;-7;-7;15;-11;-73;18;-30;25;-86;-23;16;-70;27;68;-66;-127;-53;23;1;-43;-50;-12;52;-6;-8;-37;-1;-22;-23;13;22;-46;-10;-7;34;35;-9;0;14;-64;2;-21;-15;-16;71;-37;-8;-80;10;32;14;-3;-13;-19;-69;21;81;29;12;-57;-20;5;13;-46;18;28;3;-27;5;74;-7;-2;8;38;-26;-38;-25;-15;-8;-38;37;-45;31;30;-8;-5;16;-5;32;-13;-44;-36;46;-38;2;-27;20;-2;13;-59;-29;29;34;12;31;-48;13;114;99;14;77;36;-60;-14;-40;-49;16;-21;-29;-9;-16;3;-22;6;-57;-26;-51;33;6;-40;-19;33;-48;-13;-38;-32;-5;-16;-31;26;73;16;-6;-17;14;-57;-1;-3;30;-39;17;-1;1;1;12;54;-14;25;-47;1;13;22;40;-3;-20;2;-29;25;-61;-23;21;16;-62;0;-6;52;5;-10;17;-19;-9;-1;-31;14;-19;-24;-8;28;-7;-31;12;19;6;-16;6;-50;-44;21;-26;-16;-5;-93;-106;5;57;-4;60;-91;-38;-70;13;-32;-12;-71;73;30;101;10;-35;1;-31;0;2;-44;-2;-16;-65;30;34;-68;-26;7;16;-12;-15;8;105;-52;-34;2;44;65;9;-4;18;40;-51;-5;-27;89;42;-50;-6;-127;-28;7;14;-36;-5;10;-41;66;-25;-10;-72;-53;-51;49;5;-54;46;-6;-7;-41;-17;-28;-31;7;89;-11;-12;-61;-42;76;5;109;15;25;35;-28;6;-30;-8;-69;22;2;-27;-64;-64;-73;39;76;-32;-8;44;11;-24;79;-109;18;62;10;-74;-92;-1;-8;-49;42;-10;24;-42;74;16;35;-45;29;-1;30;-88;1;-36;70;19;71;46;-29;-127;74;47;-111;41;-40;12;-7;-27;16;27;24;-40;33;-1;-30;-29;13;21;21;14;7;-51;36;2;-25;14;31;-42;-14;-3;22;12;-19;-13;14;-19;90;19;48;-50;-18;-27;-15;21;4;-13;41;-33;-20;-20;1;28;-28;-84;-18;-36;42;6;-14;-35;-12;-60;-23;-31;-39;-22;-14;18;-52;55;-21;55;-2;-38;6;-92;-53;-7;16;-67;-57;-30;-5;-74;-39;-11;14;68;94;13;-42;-46;-28;-56;-25;27;59;-7;-7;-100;-9;-12;-1;-36;-42;-71;-81;-32;-1;-38;-46;57;20;5;-43;-64;51;-62;26;-17;-43;-33;30;46;-41;38;-54;14;41;44;-31;-19;29;25;3;-55;-71;-20;86;-127;3;48;37;-15;13;17;-16;-53;-10;-82;-43;8;-102;-47;-98;-54;-73;-23;-30;14;23;9;-102;4;-26;-102;31;-59;3;-18;9;-62;69;-11;23;-6;14;-23;-20;-69;31;15;1;-20;-22;14;33;28;-92;33;-1;35;-102;-5;-35;-20;2;44;-33;64;-16;-23;-50;-71;-104;-45;-118;21;-50;-22;32;-27;-1;-2;4;-17;82;11;-16;-30;14;-20;75;-72;-31;-9;23;14;-8;-110;24;30;-51;59;10;34;56;-6;41;-10;-59;42;44;27;-5;-89;-9;45;24;-8;-69;62;-52;-33;10;-40;-56;-77;-49;65;7;-32;40;13;-127;-90;21;86;-63;-64;83;18;-47;-6;-39;-91;20;-27;-3;-3;-22;-84;-109;3;-49;14;-45;72;-47;37;-21;-22;-19;-52;-63;-19;-59;-13;-91;12;-3;-71;-86;38;-16;0;6;-7;-13;28;49;-62;-125;-26;56;-86;-36;-12;-42;-86;34;27;4;-14;-15;-70;-28;-21;63;-36;-29;-29;-82;-31;32;52;40;12;47;-15;-37;-35;37;29;5;-85;-32;-34;21;-3;80;23;-9;44;0;-45;43;-34;-4;-28;-48;-36;97;-19;-25;19;-1;-32;-30;24;-60;37;33;76;9;32;17;52;-3;49;-9;40;-52;55;44;-46;-14;-28;16;15;-17;-3;-53;-17;-51;-82;-41;-14;6;-11;-28;-10;-47;-40;-49;-5;-29;-28;23;-25;-56;-35;12;-89;-38;-47;-30;-12;-59;-44;-43;-25;-36;-89;-58;-74;-78;23;7;-64;5;-23;-13;-31;-19;-39;29;27;-46;-20;-15;-29;-30;60;16;-72;49;-36;-16;25;-5;-44;8;-4;-12;-67;-6;-64;-127;30;49;-85;-13;-2;-59;22;-49;-116;-3;32;-27;-67;-47;-19;-24;-32;26;-28;14;8;-8;5;18;-5;-55;-29;-70;-2;-123;-79;-26;100;-50;52;-38;60;-6;-61;-20;31;-112;-65;-45;55;-81;-38;-39;-13;-30;-70;-74;16;-22;-66;-27;46;-3;-62;-34;80;1;29;-10;-75;-13;-59;-56;-31;-50;17;47;7;-50;-8;-19;43;-16;-32;-67;28;-65;-54;35;16;22;-39;36;61;0;-23;21;4;0;-38;1;5;-44;-10;10;13;14;51;-39;71;46;24;7;43;12;-63;-2;16;-61;6;0;30;-12;6;-23;-65;-12;-31;-27;-35;-54;24;20;30;-37;47;12;12;-35;-15;-18;-46;23;-39;24;-45;-10;-21;-11;-8;-20;13;-53;-2;-61;-52;6;-127;-2;44;22;8;-8;-28;12;-36;64;20;-21;16;-1;-34;-38;24;29;36;34;-17;10;-10;41;-55;-12;-26;-5;-34;12;15;5;-25;-15;-114;2;1;5;14;-2;-23;3;-17;-56;11;37;4;-44;-19;-14;-20;-28;-23;-16;22;40;-12;-27;23;5;-29;14;2;26;-27;-27;-8;-18;63;34;-21;5;-73;8;-5;-12;-47;-24;42;-30;-47;-15;-27;-39;4;-3;-17;-127;-19;-13;-42;-87;-3;42;21;-44;-97;-4;-41;-31;-17;-6;-22;-123;42;35;-45;-65;50;7;-10;25;78;8;17;7;-16;42;32;6;52;-40;-24;42;-27;34;21;36;6;1;-83;-62;-8;-101;-35;-100;48;-75;-52;-19;32;0;19;-14;-40;15;17;13;54;-5;-29;-24;-64;-51;19;-31;30;-14;5;-52;-27;10;-63;-75;-24;-125;-78;-85;-81;-20;-59;-57;53;27;-24;-34;5;-79;17;21;0;-40;18;4;-59;59;-10;70;25;86;-8;21;9;29;29;58;-21;-35;16;98;24;11;71;103;-81;-23;34;-19;43;-11;49;-8;-75;-86;-24;-34;-26;0;-44;25;25;-12;-33;-34;-50;-52;5;-1;15;-106;32;26;29;-101;47;8;3;-37;20;-34;42;-13;6;29;-21;25;44;26;40;-70;-5;1;-70;7;12;-51;-52;-12;-40;-6;-58;-107;21;23;-14;-62;19;-78;14;-66;-10;-28;45;17;-127;12;-5;14;0;-23;-33;-69;40;-62;-108;18;-10;-17;23;-39;-41;-31;47;45;2;-20;10;-24;-36;3;-43;-19;-7;6;28;36;-27;29;-29;15;36;40;-4;49;-4;28;-17;16;-39;-20;-17;34;-29;66;18;6;1;37;-18;-63;-31;-23;-49;19;-29;-34;-10;57;-100;-49;19;0;-72;-34;81;18;43;-46;-66;-13;-41;16;-43;7;15;11;-6;-30;7;21;-5;-22;34;18;2;62;39;40;9;-10;1;4;11;-20;-4;37;-6;-4;-20;-5;-21;9;-26;15;0;43;-65;34;-13;37;1;71;78;-25;-18;67;4;-71;-62;-57;46;-23;11;42;4;11;21;37;36;-25;10;12;6;1;17;-51;-12;14;-13;36;-2;-42;-27;9;-8;-47;-18;-5;-59;-23;-6;-43;-49;-22;-3;3;34;29;9;-8;-36;16;-20;-65;8;-26;-16;-100;30;21;92;3;-9;-45;-23;-1;84;-44;-5;-2;22;1;6;-113;-10;27;93;-24;-22;-75;-9;-55;39;-36;25;-17;14;46;23;-36;36;-8;7;-3;18;-61;-64;-127;-4;3;-10;-64;-44;48;-20;-93;7;-34;-10;15;-15;29;38;-18;32;8;-27;-53;7;49;19;-40;-14;-11;-13;23;-4;36;66;-108;-40;17;-91;-50;-7;-56;-41;-25;1;25;-105;-14;-83;15;-9;-32;-37;4;1;-30;-6;-18;-6;-9;16;-8;-58;-20;8;10;5;-1;-8;-35;15;24;-3;-5;-9;-35;-44;-23;-83;-27;34;33;12;-2;86;-11;-22;-32;-12;-26;-65;-51;-18;74;-4;-27;-19;10;-55;-30;-29;3;-4;-61;74;-27;31;10;19;-10;77;-29;-41;15;13;3;29;-29;-12;64;11;-4;-27;-69;-5;18;5;-31;7;-35;-46;0;41;-76;-20;8;-45;-11;-6;-20;-23;-32;127;42;61;61;9;-21;-1;-62;27;-18;53;-33;-26;-38;55;5;-12;-15;24;35;-8;-32;-12;-23;8;76;14;-15;-36;-45;-11;-39;-103;-4;-6;-26;-96;-75;106;33;-31;12;36;-126;-71;-44;-32;35;-12;-5;28;-76;68;3;-62;59;9;-127;60;-113;-61;13;-24;3;-24;-24;2;8;-1;-26;58;-14;-2;-3;1;45;34;-23;-36;-20;-64;-36;-79;-10;-60;-71;-1;3;-40;-9;1;-11;-26;-76;-12;58;-7;31;-41;-30;-31;25;-35;-38;-11;-4;0;-67;-14;-7;19;0;-101;-9;42;19;20;23;53;-40;28;10;-29;19;8;43;-15;-36;-1;5;-63;34;-83;-74;44;-126;-72;-23;12;-1;3;7;-70;5;-27;6;13;-49;52;-20;-14;-78;21;-28;58;19;-44;-90;-30;6;19;-44;-29;-38;-37;-42;-69;23;24;-36;-127;-28;-6;14;-7;12;11;-3;4;-9;-63;-73;36;-20;-17;-45;-15;48;26;21;-25;9;48;-21;-23;-58;-68;-85;54;22;-54;-103;36;40;26;-41;19;27;-29;5;11;28;4;-41;-23;20;-13;-29;-32;4;12;-20;6;21;2;-32;-18;4;2;-29;-15;-5;-3;-41;15;-4;11;10;17;-9;15;2;12;9;19;9;-19;18;-25;-2;-6;23;12;20;-33;17;-21;16;48;7;-8;19;60;-60;12;10;12;78;-21;-52;-5;12;24;-17;25;30;6;-50;-79;-43;12;-38;0;33;-1;-13;47;-45;35;8;17;0;14;21;-20;-14;-19;6;-38;28;2;2;35;8;29;8;4;42;43;18;6;20;11;-25;-10;10;-1;-6;13;10;4;-15;-25;18;11;17;-23;-35;4;-21;-46;14;6;24;17;16;-9;0;9;-20;-46;-28;-31;-25;-9;15;-21;10;-29;-11;8;-16;-5;63;-6;32;0;8;-10;-9;-36;-2;-13;-29;-15;15;2;-18;-18;39;-14;8;-36;5;-12;-40;-40;-12;-25;6;-2;19;-6;5;-32;-7;11;-16;-8;4;16;-15;0;12;-24;-24;-14;5;-81;-6;41;-19;8;-21;-34;-37;-41;16;16;-15;-26;7;8;-95;-24;-31;9;-29;36;-7;-8;-37;-24;-20;-2;-88;-8;-1;6;-127;7;-36;-35;-27;21;47;10;-58;25;-24;-25;6;38;-29;30;-58;8;16;-44;-66;9;-57;-17;26;-46;-3;24;-32;-40;-91;-34;-14;-12;12;77;-43;32;6;-23;-4;34;-19;-7;-28;-50;-24;-87;-1;9;11;-77;-30;77;45;-32;-46;-10;4;-3;26;-75;-125;-93;38;-39;14;1;0;-107;-57;-31;10;-127;-46;26;47;23;-69;-12;-91;-3;1;51;46;0;-73;-10;76;-13;20;4;23;-4;33;38;-77;33;6;-13;-29;-23;20;5;66;4;51;-31;-47;-46;49;-22;-18;14;38;-64;14;-9;-44;-34;-21;-16;-14;21;50;15;2;-15;-69;-26;23;77;-3;17;-113;-67;20;-37;-29;63;-22;8;19;-12;-58;17;-14;-52;28;-1;43;-9;2;1;60;-56;7;6;50;9;8;8;-7;-84;-1;8;18;-63;-32;16;35;-121;-55;-32;13;-116;-4;-83;-18;-18;-59;25;-19;16;-62;24;-45;-24;-76;30;-39;-57;-20;3;86;25;-18;-10;94;-4;37;-15;4;85;2;42;-25;-28;40;-56;-33;-21;-14;15;-55;-48;5;9;4;-30;-98;-14;-57;-67;-41;-23;-47;-43;39;-47;-18;-16;-1;-1;-22;-78;17;-13;-74;-103;-18;-4;30;-77;18;61;88;2;-57;-127;-45;-39;12;14;-28;-22;-50;-64;36;61;8;30;-56;-61;-24;-33;44;26;-44;2;-81;-9;48;-38;-18;-21;5;-25;-56;-41;1;-21;-11;48;10;-17;-15;29;-58;-73;-46;52;9;52;49;-3;-94;-27;-30;-10;30;30;-61;33;40;-53;-13;30;-1;-4;-54;-89;-17;-15;-38;-39;0;74;-27;-10;-61;-91;45;-61;18;30;-36;19;-96;-85;-40;-57;-127;-55;-50;-28;-83;-46;43;16;2;-32;-13;29;30;-40;-42;38;2;-25;-74;-15;-59;13;-56;35;0;34;-37;6;28;-63;-83;27;9;13;-12;-42;-89;118;14;-63;28;51;20;25;-33;-59;-73;-30;-7;-65;-17;-43;-33;42;18;46;3;77;-6;-23;-14;-110;-113;9;-80;-15;14;-22;-30;-8;66;-44;27;-20;6;-31;6;79;12;28;-75;1;-55;-4;-32;46;-16;-86;-14;-19;-18;42;-43;-38;10;-35;-61;-24;-85;-2;17;-41;-13;84;-8;-3;-10;22;-38;17;45;53;-26;33;114;44;23;9;-70;-19;-21;67;-11;-18;64;32;-127;39;-61;7;-48;7;-63;-20;53;-89;50;34;-8;-72;-57;-9;-107;-1;-34;10;23;-41;52;21;-3;-78;-14;60;51;-8;4;-44;-20;15;0;-28;-17;-33;36;-11;18;18;18;-56;-45;18;82;-25;25;40;39;-28;26;23;1;-28;6;48;-1;-78;-17;-24;17;-90;-24;-2;-10;6;39;-21;-24;-1;33;-27;-14;-29;-26;6;-35;10;-48;-4;12;-46;-47;21;-21;25;15;-35;6;-4;-36;33;64;17;-26;70;-11;-42;41;-63;-66;-43;-13;56;-22;-28;-100;8;22;9;-44;-16;10;83;-43;-15;-19;-56;11;18;-2;-9;-40;-17;-32;65;71;6;-1;23;21;-40;36;-36;-14;65;19;61;-8;-32;-79;-21;-35;-8;-127;14;-10;12;9;37;2;-3;20;-13;2;31;34;-65;-21;-14;-3;-53;-14;10;-10;-28;-18;-38;-6;-1;17;24;55;-19;-41;-5;-17;37;22;0;-37;-17;-27;-32;-16;-56;-42;31;56;19;-20;-4;-20;14;-25;5;-38;44;39;-125;72;-77;-47;31;35;-6;-11;-20;35;-69;-12;-29;-19;-1;69;20;-48;27;-30;-45;-44;-52;-43;35;-41;27;12;14;-3;-14;53;66;4;-1;28;-18;19;-4;-14;20;-12;-25;60;-28;4;0;-13;-68;22;34;-45;-44;-27;55;-44;-24;-29;58;-77;-17;-23;-32;-43;-5;-70;-53;-51;-5;-29;35;-17;2;23;98;-48;-4;-3;-13;35;-78;-16;-57;-9;40;5;85;32;11;-16;-15;-78;12;-6;0;-10;37;7;-82;-114;-71;56;43;-38;35;42;-38;4;19;-122;-36;-59;14;13;100;-71;10;45;-32;-123;31;35;47;4;-15;-99;-11;-31;7;-23;86;36;34;-122;-80;-103;20;-85;-20;-53;-53;-42;-29;46;16;17;60;60;-56;-58;-52;8;-22;-57;50;-127;-102;3;-78;84;-49;29;-10;4;-55;65;-63;-16;47;-3;-69;-49;62;31;-16;67;-40;11;-26;-31;17;4;0;39;31;-50;1;11;-26;42;8;-86;-48;21;33;-53;33;33;-12;-36;7;-7;24;-9;57;-23;15;22;99;40;-3;-27;-26;-96;-79;34;-29;28;69;-15;-4;55;1;-6;-59;-49;-32;-50;-24;28;76;7;19;43;-32;-74;-38;-117;17;-29;-61;-44;17;-57;1;72;-77;77;-48;22;-6;-94;-7;-84;39;-63;98;17;73;-6;11;-52;-14;0;-44;19;30;65;-60;-16;4;15;-86;-31;57;6;3;-42;32;112;3;-3;49;24;14;-48;-36;14;79;-33;-27;-103;-100;-31;-1;-14;59;54;8;13;-7;-25;-31;22;6;9;62;-16;-16;32;29;-98;82;-59;-27;-19;14;-59;25;9;-29;37;21;44;-2;-29;-12;-68;-78;-41;14;31;-54;-127;-100;51;-30;33;-21;-73;-49;-66;-11;-64;5;14;58;-5;-28;-29;-39;96;-113;66;-25;-90;22;27;-60;-96;62;-19;15;-123;22;-14;-39;6;73;-27;83;44;-71;-47;-33;-17;-13;-40;-13;43;-20;-61;-17;7;55;-12;50;35;-24;-66;10;14;17;-44;41;25;-10;-4;-2;19;-127;33;-63;-43;-37;10;-26;-63;-30;49;-50;-23;-32;-77;-88;16;18;17;-18;-8;-38;-2;-11;-9;30;-98;-9;3;12;-18;-19;17;2;0;-7;-101;-8;35;-37;-6;14;1;7;18;-39;28;52;9;-11;-23;-51;-31;-45;-71;50;-40;-19;12;11;2;-21;7;36;0;-29;13;8;-9;8;47;-33;-54;35;39;3;30;-18;1;-3;-25;-57;15;-4;-34;15;14;30;19;-1;31;-13;-28;6;6;-52;-14;-43;1;-18;7;-29;-34;-23;-25;-32;38;25;-40;24;-23;-35;-41;-21;8;68;-4;-7;27;87;39;-41;-32;-3;-66;-37;14;-78;20;-48;-42;-3;10;2;-81;-40;-15;1;-81;15;-7;4;-53;48;-61;-61;72;-60;23;17;61;-20;42;14;72;-11;-20;-62;-9;-47;7;-25;16;-8;7;-20;-5;-78;-54;21;22;-48;50;-3;-51;-51;11;-6;-8;-13;12;-16;-6;27;-40;-4;-36;36;9;-12;-64;24;9;34;6;24;8;2;35;22;50;-12;48;-91;9;-31;-24;51;-68;-127;-25;60;46;21;-19;4;16;-79;33;-15;8;10;37;-9;-19;-120;23;16;16;-33;-57;-52;34;-43;-100;2;-13;-14;-40;-30;-21;-43;-17;-71;-30;0;36;17;-51;24;-8;-43;-31;39;-10;1;54;-76;18;-33;38;-10;-18;-63;76;5;-64;37;16;-13;-16;-69;54;82;-5;-1;10;-17;-83;27;-26;-18;-51;-30;-46;-10;31;-116;29;-50;-11;22;-56;29;-29;22;-88;-25;-58;-50;-36;-22;-105;-96;-10;-65;-6;-26;15;-51;-2;47;-17;-69;14;62;-28;-2;42;-11;-48;-10;-12;-11;-83;41;5;-20;-61;-15;53;-33;-17;-37;47;127;1;-51;-22;-1;-5;59;51;-84;29;-4;27;-86;19;6;25;-28;-92;-10;-72;-61;-81;-63;89;-42;3;51;50;14;59;12;-40;51;58;-69;28;-17;8;36;49;25;-8;9;81;-4;-14;-4;-91;15;0;9;-1;-80;-51;8;-19;33;-6;11;27;10;-7;-23;-17;2;14;21;4;28;40;-23;-64;13;-11;0;-35;13;37;3;-35;-21;24;-25;23;30;-4;-55;-49;-47;-11;12;-47;8;6;10;7;-29;-19;6;-10;64;33;39;-21;-10;12;15;-71;46;-16;39;3;-37;-45;19;-37;-18;-36;-10;-4;-15;-39;-18;18;39;-29;-9;-30;-3;21;4;50;-79;22;23;13;-60;-50;-8;8;-22;26;0;10;20;36;-127;6;7;-34;-24;-16;27;-28;20;21;0;-9;-49;-22;53;-24;41;23;-47;10;46;13;-62;-13;-33;31;-19;-79;6;-48;23;2;-2;25;40;3;5;0;-68;-2;-33;0;15;-55;-9;-23;-42;-2;60;3;-29;-26;-26;-22;-18;-24;11;9;12;-55;2;-39;
32
-5;58;64;-87;198;146;379;276;-195;181;-22;299;175;-22;145;283;363;-249;625;-54;99;342;131;412;162;50;76;462;-92;96;-493;-178;
32;
0.004069955;0.0049959663;0.0038084663;0.0033291539;0.0044476828;0.0039420077;0.0045104087;0.004608288;0.003972258;0.004006397;0.0034942543;0.0032058852;0.003681266;0.0048134816;0.003665366;0.003909528;0.004755386;0.0041037323;0.0042320173;0.0059797848;0.0061556012;0.0038701473;0.0037698115;0.003607513;0.0039257747;0.0039991657;0.0033324242;0.0032646134;0.004638426;0.0039307154;0.0032931317;0.0053451564;
0.3773871;
-128;
0.33579883;
-128;
18432
64;3;3;32
-68;20;4;4;28;-13;79;3;33;17;-60;32;-3;-32;-31;26;-110;13;-91;-90;19;66;33;-30;-24;35;-13;-124;31;8;69;-18;28;58;-96;-59;-78;-31;-16;-87;-8;-57;83;30;-80;-39;9;2;-30;-89;63;57;-27;-113;-29;-15;-73;62;-49;-16;-72;18;-1;33;48;-85;52;-78;-99;-112;-49;21;19;-11;-93;-100;-40;36;-60;-92;-75;-5;-116;-23;39;34;-34;-84;14;49;12;-6;-57;78;28;-18;-123;-46;-104;69;-67;29;-125;5;16;65;14;34;-4;-71;-77;44;15;-88;-1;-44;7;-105;-15;20;-31;13;-88;-58;-101;73;-48;-109;18;-70;-38;-7;4;44;17;-127;30;32;-26;-30;-88;-5;-66;-63;-107;28;2;-27;44;-59;-4;-78;-75;-86;-114;-118;23;83;51;-63;-108;-102;-14;18;-23;-66;-50;84;-119;-50;-69;-70;77;76;-104;-83;14;-64;57;-36;-26;34;36;-26;87;-125;-86;69;47;-48;78;-85;-74;-126;-71;-85;-71;15;-126;-53;-30;-77;70;-82;-12;37;-30;-116;-43;-63;-111;-68;-33;-100;41;-68;-22;4;-28;-77;45;14;-94;47;-74;-82;-85;50;3;52;-105;-64;-26;-26;23;-8;-75;60;55;20;29;-13;-50;-72;85;-50;-78;-27;-55;-94;26;-48;-2;14;25;-39;-38;-111;-44;-54;-3;-90;-124;-40;44;-6;82;-60;-13;82;-64;6;57;-91;-3;93;-19;-90;-58;-68;23;35;48;9;23;48;91;-10;-72;-22;32;4;6;-57;-40;3;13;27;17;27;-4;-71;81;-24;12;-3;18;-50;66;-23;-12;40;-7;-24;-7;19;23;19;-4;-8;-30;41;-50;21;-22;8;-30;-3;11;13;-65;40;92;-66;-4;-14;-89;8;30;-30;-4;-58;13;-5;15;-4;14;-11;54;-70;33;-62;61;7;-38;-31;-45;-29;0;27;-19;25;1;-28;-6;48;17;25;-58;15;-1;41;-36;28;-2;-21;49;33;-15;-17;25;42;-127;-21;-56;2;31;-42;11;-16;29;19;-9;10;0;24;-38;-24;5;37;31;-27;-29;-2;8;63;17;3;-27;-57;44;39;-80;13;-16;22;49;5;47;34;-28;38;17;17;-32;5;-18;-7;50;-80;6;31;-68;-25;5;22;-18;-34;23;45;-48;-125;-4;-54;-48;-23;-46;23;-11;-75;0;-21;16;45;-21;-35;-33;39;48;-22;-16;36;40;50;-10;34;-4;6;8;-65;-5;52;-47;26;25;-22;-33;-26;9;17;-18;6;-22;11;-29;-43;58;49;7;-77;11;-30;16;-8;-97;7;-32;21;-19;-36;-28;11;-57;-12;55;46;16;44;-57;41;-36;-2;93;11;4;67;28;22;14;53;53;21;52;-67;-44;-27;-18;-6;26;42;49;-18;41;-12;77;-47;31;68;-38;-4;-28;4;-9;31;8;-43;-30;12;44;8;22;43;64;7;47;-98;-4;-20;-48;6;43;12;-52;14;103;-32;-18;-6;9;12;-12;7;21;-20;-35;5;28;-97;-21;21;-54;-32;20;-105;-17;-48;13;-58;8;-11;-93;-32;-26;25;-49;-3;-5;-27;-66;-41;18;-24;-15;-66;-16;-50;49;-18;-56;13;57;-53;-36;-73;-58;-82;5;-51;-17;47;-1;60;10;45;5;59;-30;-6;-35;-68;4;-11;18;50;-37;-85;-75;-43;-22;-2;-50;5;-18;-90;-21;1;-27;-76;-77;-36;-53;-47;-40;-30;-45;-9;15;37;-72;16;47;-27;30;13;43;-67;21;-16;-29;44;-8;12;54;-4;57;-19;-47;-24;25;28;22;-41;-41;-8;-59;-21;16;-42;-73;31;-37;-16;51;-19;-51;-46;-56;50;16;-27;-18;-49;-63;-37;-84;-45;-75;-63;-58;39;-88;-95;-51;70;33;-93;-57;-35;-127;4;3;-61;-27;6;-13;23;-50;-8;-35;43;-12;-88;-26;-49;59;26;-8;-7;28;-62;-66;-9;-24;-71;-74;-24;-29;15;37;0;-12;3;-75;-4;-19;-63;-26;-28;-26;-54;45;-7;-48;-88;-44;-68;49;-76;-6;-100;-75;-24;-52;29;36;-24;34;-63;1;-63;6;11;-1;27;14;-65;-1;65;-25;-83;-4;28;-62;-101;-44;-74;-52;40;49;-90;-1;12;19;40;39;-62;-57;2;-22;-22;51;-56;-77;-37;23;-53;20;-18;-62;23;53;-66;-51;-29;51;-27;14;-53;-77;-28;9;53;22;35;-39;37;0;9;-6;-84;-32;-67;-12;-77;-44;48;-13;-58;39;-55;31;-19;-42;16;20;39;32;-74;11;-31;-47;62;-24;-73;31;-27;-41;13;-67;-21;-40;-38;15;69;24;61;-1;-7;20;4;-34;-57;56;-71;-34;-24;-29;21;61;-19;-30;-41;34;-55;-12;71;13;55;-80;13;-1;21;-78;-57;-57;88;0;-32;32;-50;17;-25;19;33;-30;23;-53;-91;-23;-61;19;-39;40;15;-31;38;10;35;30;46;-56;27;-3;35;15;-28;55;-45;-22;71;-60;-105;-66;-18;30;2;-23;-14;45;-34;86;-114;-7;19;-1;36;52;-10;-66;-62;-16;47;-22;69;-40;-23;-11;27;-46;8;55;82;-98;-57;48;1;-19;-1;15;-61;-26;-76;-29;1;-39;-20;-12;15;-82;-82;-26;-48;45;-14;40;-23;-3;-99;68;32;-58;-24;-10;-13;51;118;-17;25;27;7;-42;21;-34;55;-24;-3;-28;25;-37;30;-67;30;-22;-3;-42;-8;-40;-13;23;-83;3;3;-1;51;-17;63;-24;-32;-51;20;-11;-28;-41;22;16;37;-91;-35;-44;42;-10;-12;-90;48;-88;-76;-28;-68;19;-13;53;37;-80;34;-9;-80;27;37;-36;25;2;40;29;-34;-58;-25;-71;-6;-61;22;55;-49;31;-28;-97;-36;-13;15;-15;-3;-25;-38;-13;45;10;-19;-19;78;-20;29;-83;68;-25;70;-28;76;-26;16;-127;-15;8;15;104;32;52;-6;17;68;71;73;-65;-26;-46;-71;29;10;-72;-40;22;-10;5;6;31;42;-46;1;-38;11;-75;-17;-41;28;-22;-78;55;6;-35;-6;-35;30;5;-38;49;-15;-15;-3;-16;-16;30;16;8;109;12;72;20;-13;37;53;-6;-1;10;31;-31;-19;9;2;10;-12;29;-12;65;-113;-13;48;0;12;-10;-66;11;62;-28;-52;-78;-75;-31;127;-15;-4;6;-22;16;-21;-22;-43;-12;-18;-10;-5;-40;-5;-72;-44;-18;25;-102;46;-1;22;3;-22;-7;13;16;-26;34;-15;11;-28;-12;55;-50;35;56;-56;9;-26;0;20;-19;-25;-56;29;43;43;41;-15;-35;-18;0;-33;-74;57;-34;-19;11;-9;48;-19;5;21;45;4;35;-24;-70;-19;-22;-9;-4;11;-74;-43;27;31;2;5;-17;-20;-22;20;7;-11;-4;30;45;-39;-71;-90;-13;45;-39;-7;-19;74;-39;-13;57;-13;-3;-14;-35;21;10;21;28;15;-69;-6;16;-28;-9;19;-23;13;-28;6;-28;10;27;0;29;21;6;-32;-40;-71;-48;-5;29;20;-23;10;-2;-8;16;12;-54;-42;-1;17;-20;10;-56;-66;-24;-49;-8;45;16;-5;-3;31;32;-23;15;-16;8;-46;1;-1;-13;13;7;44;15;-12;1;-1;32;-2;35;-21;-16;44;42;-42;-25;17;26;-43;30;8;-17;-26;18;-7;-96;-8;-9;19;-19;-40;-7;-16;-9;0;-30;34;-44;9;-28;26;-49;2;-5;-26;-13;-7;-42;-14;-15;-61;-37;-22;-7;50;11;-48;25;18;-23;-32;1;16;-21;-17;-14;-3;14;1;30;16;12;-26;-2;58;20;54;16;-35;8;-64;-16;3;-43;-62;29;14;21;0;-7;101;-1;-21;7;24;-16;45;-4;-63;-10;-46;9;-18;17;7;-11;-9;-13;1;-50;-42;-15;-24;-39;-31;40;4;1;-34;-101;88;-44;30;8;-32;100;-54;-43;52;20;77;-23;18;-3;-24;-25;52;-37;-37;11;-31;-32;52;-15;36;-4;-14;-36;-36;41;53;-20;12;1;-44;-2;-17;1;-31;13;-22;-74;25;-25;20;-26;7;8;-66;20;35;-78;-8;64;49;-33;-18;4;-19;10;52;-17;17;-24;-55;32;21;51;-23;-47;-2;-3;32;-40;56;29;-36;-63;44;-12;45;19;16;-56;15;45;30;33;51;-35;-11;63;-11;-44;15;-16;-53;-93;-14;94;-7;-6;70;49;-22;43;46;-34;44;37;-21;15;25;40;20;-4;104;82;-26;-27;15;35;20;-72;19;28;-24;-78;-24;-52;86;-32;-13;2;-34;43;13;5;6;-33;-1;-42;-102;-35;-8;-4;35;-17;72;-76;-33;43;-12;58;-21;16;40;5;45;-16;-19;-1;-42;-12;40;-43;13;21;-14;17;31;-56;59;10;3;-35;-36;-7;-16;6;9;-33;19;-4;1;3;13;-58;-31;-7;34;-21;-49;73;36;-58;-127;-9;27;20;-38;45;-7;42;10;31;-19;-6;-50;-15;23;-7;-102;52;-89;15;-25;19;48;-45;-39;21;-46;22;7;-1;-32;48;11;34;79;-20;23;-2;-7;-52;-4;-96;98;3;45;20;-26;18;-76;-40;41;-13;28;1;-40;-2;-35;14;57;11;-120;18;7;10;-93;-54;14;26;-24;3;-52;-1;35;21;-4;-7;-12;-66;7;-14;-37;20;-11;2;27;-52;-14;7;53;-13;33;-36;-31;-29;23;-33;-1;62;67;-21;-37;-23;75;-40;34;-18;-48;-11;-3;7;69;15;27;-23;28;50;-64;6;-3;77;12;6;12;2;92;-11;41;9;24;6;-11;3;14;8;7;10;9;-19;-16;-26;2;-28;-3;56;71;-74;-10;-12;49;1;35;23;2;29;-15;8;-85;24;-5;-20;-24;-53;35;7;36;10;47;29;-34;23;27;55;-13;7;69;-10;-43;-7;-13;-25;-7;-50;-26;51;-11;-17;15;-6;14;7;-4;29;-41;35;75;-4;-12;38;21;0;21;65;-41;-14;-34;47;11;-52;7;14;-24;-22;-37;40;59;-83;-10;-127;-104;44;13;-55;-10;47;22;48;-37;-70;-54;37;20;-44;-28;-84;48;50;13;28;-88;83;-8;29;39;-13;11;35;-17;9;-24;77;29;-8;-1;8;16;45;-81;8;17;16;-46;-22;16;-19;35;-37;-4;-31;32;6;0;-12;44;9;-7;68;-6;-23;0;45;-33;-20;16;53;32;-18;-27;-8;11;-24;12;-8;61;60;-21;-41;-48;31;3;-46;-6;27;30;-51;56;27;-43;-5;14;-24;35;46;59;-23;17;-20;2;63;21;50;5;11;25;-44;-43;-54;4;-3;6;28;46;18;9;17;-78;11;-29;-45;35;11;-42;41;11;41;67;-77;-33;-20;-43;-4;-41;-34;79;-5;-4;20;57;-30;55;44;4;-35;-27;52;-19;-74;-74;-99;60;-12;13;-7;-53;-25;31;-34;-15;-5;2;15;-32;4;-27;-34;3;13;-7;-2;-76;8;73;10;51;-6;20;32;-2;21;-17;-17;-17;-3;-33;-4;18;3;-2;40;-32;-15;-11;41;46;0;-7;-23;-11;-9;-28;2;44;32;5;67;44;-4;14;-48;-51;44;8;-50;-8;-13;-34;12;8;33;52;-80;14;-43;-34;-22;58;-77;-8;-82;-6;11;0;21;-4;-77;-41;0;-43;-45;9;-46;-8;9;-30;127;26;1;79;-69;-13;-9;22;46;21;66;-86;75;-49;-33;18;22;31;-49;-32;25;19;-87;23;-2;8;-3;1;10;-24;68;3;-46;-11;20;-37;6;-22;-23;-24;-34;-21;4;16;29;-12;-36;-24;37;10;-33;30;17;-18;-12;21;-62;-13;6;-26;-4;9;41;9;-72;44;78;-42;-19;-47;-3;-22;12;32;-31;7;-27;-5;21;-4;-30;-10;53;27;-92;38;12;-29;11;4;-23;6;0;-9;57;-82;0;-55;-56;48;-35;15;-42;-37;-4;11;-74;-29;-22;5;-57;-5;22;-5;-11;-67;-51;7;-6;35;46;15;-29;-27;-18;9;-72;-23;26;-33;3;-67;-36;-38;-19;25;-27;-69;30;20;-29;-63;46;24;42;53;-68;5;22;60;7;-12;59;35;45;-6;19;-102;-70;33;6;18;5;-41;-74;-39;-14;58;-7;-84;39;-46;13;-43;-83;-55;-21;38;20;39;-92;60;-95;36;-16;-7;-59;-74;38;-86;37;-9;-1;-41;80;30;17;38;-38;52;-45;-35;-21;42;-64;29;-16;22;-70;61;-94;24;7;57;-63;55;17;-23;50;36;41;16;-27;26;45;52;-5;15;-18;-86;-82;1;-60;-28;-46;-52;-39;-75;-5;62;29;-121;24;-31;55;-78;-65;50;-7;-17;-52;-4;22;3;-13;-79;31;23;-47;-14;-25;-77;-85;9;-18;-37;12;-52;33;20;-71;96;-66;-16;16;-36;-40;-48;-41;-70;41;21;-4;20;2;-102;22;-87;1;50;21;-76;-17;41;-87;19;-31;30;-33;-19;-83;-28;45;-75;-47;-49;-89;-61;1;-33;14;-35;-58;-56;20;4;39;-21;-32;36;-37;11;76;-93;0;-28;-3;8;6;31;-30;-122;-89;-58;-38;18;2;44;-17;42;23;-58;27;-24;-43;17;-57;53;31;28;38;-127;-74;-79;-51;-20;11;-61;-80;14;-29;17;-81;-49;-7;-54;41;11;-36;56;-7;33;38;13;-40;-61;-56;-6;66;-8;-81;-34;1;26;28;34;-69;0;31;52;-26;25;-22;-41;-39;-19;-43;18;-29;1;-55;40;-94;29;6;-49;34;50;-61;60;-52;49;-32;4;59;-53;-10;31;-31;-50;-29;-23;26;-72;-21;41;15;-22;-105;-91;18;-87;51;-45;-4;37;-34;13;-69;31;25;-50;-36;10;-12;-66;70;-89;25;6;-17;-45;-87;-88;-55;-47;-52;-32;-46;9;-56;33;18;-11;-67;-12;-90;-76;46;-71;-93;31;-33;-27;40;-79;32;-23;49;-63;53;-73;-29;-42;33;-93;-77;32;-90;32;-68;-57;-26;100;-10;13;-48;-53;-44;-19;-88;-62;42;-58;15;-51;-24;0;58;-47;-102;-69;-96;25;-48;44;-74;-95;-47;-127;11;-1;-38;-21;34;0;-23;21;-45;-30;-45;-31;27;-48;-38;-45;19;39;-44;-12;-89;-18;13;-54;-60;-13;-3;-21;35;-51;-9;41;18;36;-98;-7;-24;-10;84;60;37;40;-54;-47;43;-43;-67;-20;-86;-94;75;-20;-62;-59;4;-18;29;56;60;-33;17;40;-103;-24;-43;-12;31;-45;48;-92;-93;-16;-14;-13;-71;-83;40;-63;-23;-1;45;-59;-37;-8;-24;-99;23;-99;-53;-74;-11;-48;-63;-46;-28;44;6;-19;-62;-14;-20;67;-118;13;-26;65;59;-83;7;21;-66;-51;-30;-20;46;40;-71;21;44;-65;7;49;97;53;8;-40;-108;70;33;-21;20;18;35;-26;42;-35;15;70;-31;55;-14;6;3;29;60;-33;-41;-23;-63;32;16;36;-72;-40;39;-51;-37;8;-17;-2;-18;40;6;63;11;-34;82;-14;56;-37;-49;-51;-43;14;4;69;35;-28;41;-39;-31;-20;-57;-79;-59;26;46;-89;-1;18;-48;60;15;34;38;27;-33;-115;7;37;-46;44;-14;-3;8;36;-79;-56;22;-29;50;5;-49;-64;41;-32;-101;-76;3;-65;-67;-23;-32;-95;-108;-35;0;-20;-106;-81;-31;-53;-31;-12;-123;-62;-27;0;-29;-70;-41;-34;-50;-73;-61;-56;-21;18;-75;-23;31;2;-63;-71;-110;-67;-103;-74;-16;-54;-53;-85;-36;-94;14;16;-82;-61;-6;-99;-113;-23;12;-70;39;-38;-42;-61;9;-55;-79;17;-66;-99;-27;15;-63;-55;10;17;17;-8;35;12;-69;80;-81;-41;-34;-45;-90;-89;-41;-60;29;17;-83;7;-18;-34;-43;-56;-21;-79;-20;-34;-43;20;-71;0;12;-48;46;2;-117;-37;12;75;-90;39;-14;-7;-65;14;-44;57;37;-18;-42;-33;31;-22;7;-27;8;24;-23;-82;-55;-5;-21;-66;-29;2;8;22;-87;127;-28;7;-43;45;-49;-3;-79;-86;-44;-35;10;7;5;-41;-31;-16;-53;-68;-62;14;-3;-49;11;-61;-54;29;-8;-4;-69;-24;51;-36;-70;-79;-46;-1;-1;20;-15;-38;-37;-69;7;-59;-28;-91;10;3;-15;-77;22;-58;-13;-105;-38;8;-7;85;-48;30;7;-63;-78;-70;37;-68;-11;-37;-84;-7;-65;-67;-13;-51;22;-33;11;-94;-42;0;42;-108;17;-14;2;-33;-69;-62;-37;60;3;-63;-120;-92;-100;-46;-29;-29;53;-44;-118;-53;-35;5;63;-6;-58;-35;-48;23;35;-23;-25;-73;13;41;71;17;-10;9;-84;-63;-91;-52;-52;-69;7;35;21;-1;51;29;-47;-78;-8;-66;42;-3;56;-46;-78;-56;47;-35;-57;-58;-88;-56;-8;-9;22;-78;-29;0;36;38;-29;12;-73;-33;-17;15;-33;-82;-21;36;-59;40;-68;54;20;-48;29;37;15;29;-26;14;-36;-57;55;16;-87;-38;12;-63;-21;-17;45;-7;15;1;-51;27;-33;-31;3;-53;17;-2;18;3;3;-99;6;-9;-6;-74;-80;-19;-3;-67;-10;-5;-88;1;-52;-24;-43;-54;-79;-119;-4;-67;-14;51;-28;-12;-75;41;-64;-19;-38;57;-65;26;-59;-49;42;-100;56;-127;-90;-51;16;-24;-24;-72;-10;-48;5;-66;4;-40;-66;5;5;-48;21;-20;-90;48;-44;-23;-63;-11;3;34;-54;35;-43;18;16;-108;-18;45;1;-53;-14;-34;-6;31;26;-26;15;-25;-22;58;-68;-38;31;-40;-4;-34;-74;-29;-46;-6;60;22;-24;-73;36;-86;-69;-37;30;4;14;-73;-4;-46;-33;50;-73;-35;-76;-59;3;-22;-23;-23;-25;26;-64;-55;38;-33;17;36;-81;-41;61;-24;38;-25;-91;7;-81;-58;-58;-1;-18;-10;0;-25;-11;-35;44;20;-63;-19;-72;-119;-9;56;-41;14;42;29;-55;9;77;-2;-83;-3;56;-9;49;-51;-47;-69;73;-50;-48;-78;21;-9;-60;-31;69;-15;-19;-8;42;1;4;-30;-51;-38;-23;-50;8;-65;16;-45;46;16;35;-45;20;-2;-41;-7;28;20;-62;28;21;24;40;-17;35;7;26;28;25;-74;29;-25;10;-21;33;-69;-5;-50;43;54;-13;-84;-12;-66;25;-23;12;27;-58;38;-37;61;23;9;-17;-55;17;3;2;-40;-9;6;-32;-43;-30;69;29;7;6;35;-18;-56;-21;20;-67;-48;-36;24;0;3;111;-81;17;-7;27;-29;-52;-12;8;-16;44;55;-35;4;-126;-35;19;-40;8;24;-86;-3;-8;-29;-73;-18;-80;-21;-96;-43;45;-20;-36;-18;-33;-61;-12;-125;-107;70;66;-11;-47;-4;-60;-69;-127;14;6;-40;-42;-2;-49;16;31;21;20;29;53;9;2;-18;26;1;-32;-41;56;-118;13;40;48;27;-67;-3;-39;-13;-2;-5;-22;-84;-24;-34;21;-34;43;4;43;4;6;37;-38;25;45;5;12;43;23;47;-17;13;33;-35;119;34;29;-15;18;4;60;-2;6;35;55;-46;-13;6;-39;8;-48;11;32;59;40;11;56;41;-15;82;45;77;-1;-11;-9;-22;44;-20;20;62;-32;-72;55;-32;-12;42;-14;57;-35;7;9;12;-15;-8;0;-32;-3;53;58;-18;-53;-11;-104;15;40;54;38;36;-14;33;-48;7;-15;-19;-3;44;7;57;-16;-12;15;-4;13;22;-31;35;19;-42;19;-25;6;-2;-14;5;-12;51;-2;-7;27;46;48;5;-43;-70;-3;-35;36;34;21;19;-25;80;43;-5;-8;20;-9;13;-16;66;-27;-38;44;0;-1;26;-55;34;12;-1;-33;18;-40;-8;5;-20;-1;60;41;-27;15;0;-1;53;-4;39;12;17;3;5;1;32;39;26;17;-22;21;-43;120;-4;99;-13;-37;-14;35;-3;10;48;-35;43;31;17;24;35;12;-20;26;-50;53;-32;-14;-12;-59;22;-14;5;25;10;1;60;-16;-27;-4;23;11;47;-10;-29;-7;37;52;-6;12;-64;-68;-34;6;33;-38;-29;-57;-24;1;-37;-4;-7;-63;-96;-49;-63;-1;-70;13;-14;44;32;-40;54;45;12;-73;-28;-127;28;6;-19;-24;-50;-34;-25;-8;-63;31;-16;-15;40;-43;34;-33;-42;-3;12;-53;-67;48;8;-40;-17;10;55;-21;-43;10;-37;-44;24;2;-28;-75;-15;-43;-1;17;3;5;6;-9;61;10;-66;22;-83;-33;8;50;-50;41;-48;-65;-37;51;-13;25;-6;-78;-58;-23;39;-45;-30;31;-25;-45;-111;-30;7;7;-22;-46;-59;-111;-4;10;-69;-25;-30;-57;68;-29;-89;-32;-27;0;-29;31;15;-31;-64;-93;-28;-89;-15;-79;-28;-26;36;61;-32;-66;-38;-25;43;-16;-99;-58;-23;-31;-6;46;-53;22;22;-38;13;-23;20;7;30;-45;-49;-9;-48;-32;14;5;-60;-43;-41;52;28;-8;-64;38;-103;-26;-81;-60;-57;-77;-53;-27;-66;-23;10;-65;-51;-17;7;-68;5;-22;-20;-52;-18;42;59;29;3;3;-17;-34;-13;24;-42;13;-53;37;-61;-17;-14;-87;25;36;-57;-4;16;2;-9;-30;-43;-61;-54;-47;15;-47;30;3;-26;30;51;-3;50;5;-51;-52;38;9;-17;-44;-19;14;-46;43;-87;-13;-2;14;-21;-110;-112;-22;59;-24;-46;-18;-35;-97;-37;-2;18;-33;17;-94;-15;43;21;-58;14;16;24;-44;-102;-16;-8;10;-127;-51;5;56;-47;37;-28;-49;15;2;-7;11;16;11;44;48;-37;53;-84;-29;-4;11;-37;21;38;-44;12;-78;-13;-4;-65;-39;-63;-82;-45;-64;23;28;-71;35;-67;-92;-59;-86;6;-64;-66;-56;-27;-20;40;16;23;-18;-44;-62;-40;-11;12;28;-32;-63;23;-22;-8;-5;75;44;-72;-76;21;-21;-30;-30;-13;18;32;31;-13;-13;73;-12;43;-100;17;-25;39;23;-75;-77;5;70;54;45;-45;3;34;24;-49;-56;-34;-30;-109;-18;40;-26;-93;32;-43;65;48;-28;-85;-41;-47;-33;-57;-61;56;-71;-64;30;-49;-76;67;74;-12;-101;-83;-12;-23;66;-60;-84;-20;-109;48;-20;15;-81;40;-68;-75;-91;-13;-10;-4;-69;-3;-22;-33;-62;23;42;-55;-61;25;-65;-52;31;-18;-38;-40;-79;-75;-3;67;-83;72;-54;-51;-6;-55;-90;-42;-4;-53;-84;-11;-10;-57;-48;-59;-36;70;-87;6;-39;-29;8;-3;-25;68;-46;21;-75;-31;-113;40;45;-66;-72;-73;-65;65;-13;-66;-22;-8;-15;-64;18;-40;-50;73;-98;-16;-77;-71;52;-68;45;-45;50;-73;14;62;-63;-82;-5;-50;-74;-55;-58;-19;-10;37;-83;2;-13;-101;-22;-11;-104;2;-33;-1;-87;34;28;44;-112;49;76;-13;-86;-85;-1;53;-71;30;-34;11;-101;-83;-16;-30;-103;-22;-21;-21;-66;68;11;-112;-95;-27;-21;18;-13;61;-29;42;-5;22;60;-89;-112;29;3;64;-52;-44;24;-27;13;-55;-59;61;0;18;-32;10;56;30;88;-93;-105;3;-40;-97;-9;-1;77;26;37;-21;-56;-95;-69;-122;-30;81;55;-69;-87;5;-64;-39;58;26;-8;29;6;50;-32;-7;-89;77;0;18;-51;-26;2;26;71;-82;74;-110;-38;-33;-99;-89;29;-75;41;-74;30;-98;-58;-82;27;31;39;-97;-49;-20;-68;56;33;-19;-83;48;31;-73;31;39;-22;33;-25;-101;-52;-52;-117;4;-93;-26;-19;61;41;36;-77;-54;4;-61;-95;30;14;-1;-84;-8;15;83;10;8;-82;45;-105;56;79;-52;-87;-81;-77;17;-60;-90;-72;18;79;-101;-108;-32;7;-43;28;-121;-48;-93;-17;-53;-61;-70;-56;-45;-127;-57;13;33;-94;84;-43;-86;-52;6;47;-46;-104;25;-65;-78;-1;55;-57;-95;42;-44;-23;-70;33;-87;-30;5;-89;-47;-52;-65;-113;-55;-57;-58;-15;33;-39;4;-77;-61;-114;-39;-57;-47;58;-51;54;-101;-54;-8;-18;-3;-1;-85;70;73;29;-4;-43;-70;65;-23;-70;-39;-58;75;68;21;52;5;-10;-95;-45;-90;36;-61;-23;33;84;-32;-41;-110;-23;6;-57;-114;-16;-78;-50;-89;-39;-63;77;33;8;62;4;-27;14;-4;-25;14;-95;-85;-90;29;-12;25;-3;78;46;44;31;27;-9;-19;55;7;-9;33;26;7;56;12;-27;89;55;-55;6;37;60;-88;-26;-22;52;-21;48;37;-46;-89;-127;-44;67;40;13;20;24;7;-42;-33;-72;-25;29;8;64;-69;-100;-17;-5;-58;77;-40;-11;-44;-42;61;-41;-24;-36;-90;-53;-2;38;-85;67;-40;54;-29;49;-44;-20;47;-14;-32;-62;13;12;82;-10;-66;-41;25;-31;-60;-16;-49;-38;41;-46;54;-20;-88;-21;2;48;-13;-83;-31;-11;18;14;31;-28;-1;-14;-69;-21;-6;5;-8;-49;38;-7;-45;33;44;-5;54;48;-1;-2;-54;19;57;-81;-23;27;-13;30;2;-73;32;-68;-53;-49;-24;16;-26;66;48;-44;-44;-40;-73;-103;33;69;-3;-58;-21;51;-29;-56;-9;36;-110;6;14;7;3;38;-22;-49;-41;6;63;-53;34;-65;2;2;5;-4;41;-20;-1;10;23;-40;-22;-31;-7;27;-94;31;19;94;29;16;26;-25;2;60;-15;-18;2;36;-46;-55;-56;14;-78;12;2;17;14;46;-38;10;-40;9;9;-20;17;7;-2;-27;-40;10;9;-109;-31;3;-31;52;1;-4;1;-77;-5;72;13;11;63;-59;-3;-11;34;-69;-9;-18;76;-17;5;-37;8;-8;31;31;-29;-45;-51;0;48;-29;5;48;-47;-8;-13;11;12;0;-28;8;11;-23;44;-52;-52;31;51;8;37;19;33;18;6;-4;22;22;25;10;35;13;-25;-25;11;47;9;-15;-16;5;56;-81;-26;29;-91;22;30;58;13;-32;14;58;13;-27;55;-7;-18;-8;42;-42;-34;30;-55;78;-74;-24;41;-1;48;7;-43;-19;-60;26;-11;-28;-56;9;-16;-74;-81;-22;26;-32;-51;-69;4;-3;5;30;-57;-74;26;5;-4;11;-104;6;-11;-46;10;16;-54;-67;-55;-88;-53;19;9;-16;-6;-18;-36;-102;-15;-27;-3;-31;1;10;-6;26;42;-32;11;-34;-59;-46;-75;-76;14;-41;1;-37;-93;-3;-37;-3;19;-61;-27;-9;-37;-35;-46;36;-45;3;24;-11;-51;27;-43;-37;-25;-44;-30;30;-19;-27;-36;17;-15;-8;-42;45;-32;-25;-10;-100;-63;-8;-33;35;-6;36;8;-10;47;-45;-12;-6;-40;45;-12;38;-37;-10;-3;-57;7;-41;-15;-30;52;16;-56;-2;30;-86;-34;-18;38;-5;-127;-13;8;-1;-22;4;-8;5;-35;11;17;30;-34;-79;-10;18;30;11;-81;-50;-76;-69;-79;42;-30;0;29;-4;13;10;4;-48;-46;-75;-8;-66;-10;-20;10;14;-35;-42;12;-32;-21;-23;36;-16;37;65;18;12;-1;8;-33;-19;-73;-7;-28;-3;-39;-55;-29;-26;-21;2;-20;4;-109;-8;2;27;13;-65;-25;25;50;41;-32;-66;-1;28;-53;-16;10;-51;69;-35;47;42;-37;-55;2;-81;-35;-73;42;24;2;34;-29;24;-3;-8;-18;8;-12;6;-58;-76;-11;22;26;65;3;3;-7;-34;-54;69;42;54;-64;-40;-126;-86;-116;-127;51;55;23;1;-6;59;45;-3;47;-46;-50;-12;-15;-17;-87;-117;61;-53;31;-86;47;32;-49;-93;-31;-80;-113;-68;19;-126;-23;-54;-19;-53;51;-56;67;-60;-88;42;-49;-22;-46;6;-50;11;-91;23;54;-76;32;-8;-99;-43;77;-79;-115;-116;32;-22;-48;54;-8;-43;-118;-40;72;-85;-31;-52;73;1;-104;40;95;52;50;28;-25;-15;-125;75;-19;-52;-112;-113;-87;47;33;-119;-3;-45;54;-59;-104;13;29;1;-95;40;70;-51;0;11;-80;-33;-11;-8;95;-85;39;-30;-82;85;10;-71;-94;-81;19;-29;-27;-34;5;-3;29;-95;42;-3;-84;-120;-9;85;-38;34;79;-118;-107;-28;40;10;17;-43;26;-27;52;74;-77;-39;-3;-29;-52;-71;-87;-69;-77;-74;-14;-93;-12;-100;-82;48;-37;-94;-81;-25;55;-91;-5;-105;-93;-39;19;79;-67;-79;-44;-11;-9;-89;-43;-96;53;37;48;-71;21;-41;74;26;-104;-29;-74;35;30;93;-57;-47;-22;-76;-11;-78;25;-84;31;-37;-76;9;-56;32;-104;4;-14;-92;-53;-63;-80;22;3;10;-74;-2;41;-115;2;-113;-67;61;-40;-63;93;-57;-10;-65;-83;-21;-87;-37;-90;17;-78;57;-91;-25;-121;-14;-44;-91;-125;-44;14;-85;-48;-106;-82;16;-69;-21;19;28;-109;34;-13;-4;-32;-70;33;-118;-79;62;33;-111;49;-21;4;21;17;-114;-22;18;38;58;29;-61;-7;-68;30;20;-4;-11;45;-26;71;-37;-29;-81;13;-2;17;-6;-13;-25;26;65;9;9;-21;15;5;8;15;-20;-41;17;-45;37;34;-17;13;-6;23;-24;16;23;31;-11;4;-78;106;18;13;-27;20;3;-19;-26;50;-92;-60;81;29;-46;-33;-38;32;-57;-59;-11;47;-27;12;-51;-55;-49;127;-33;6;35;-12;40;-18;-84;-52;54;-31;14;-106;-55;46;19;-14;28;-58;-40;-61;-3;30;16;17;-48;9;72;42;-24;7;-12;-71;9;-7;10;-12;-55;-8;49;12;-3;-3;7;25;27;-10;-121;39;-15;1;17;61;-18;-9;-11;-48;-16;-39;-65;37;-48;-28;10;-3;15;-2;-42;16;24;-26;8;-9;-31;-12;0;-29;-46;6;66;8;-43;-57;-46;-8;4;27;40;11;-9;76;-2;31;32;-13;20;-11;6;41;26;16;-2;27;10;-1;-6;6;4;-6;-56;-5;25;-43;59;-15;-27;18;9;-17;65;39;0;-2;86;-8;38;-65;-37;-22;-4;-15;-56;-87;27;-1;-19;-40;-34;-22;50;-60;4;54;-36;-18;-5;-22;3;32;102;44;4;13;4;28;-88;14;-30;-36;18;5;56;-36;-25;-96;-89;-75;-34;-92;-45;32;-32;-71;0;-17;45;-28;-61;-41;-13;-40;12;-16;-4;-7;-87;0;-56;-14;-1;-27;39;-80;-7;-95;5;-21;40;21;2;37;-72;-3;56;-93;-60;-29;-113;-50;-32;-33;-72;-72;-9;-4;68;-7;-58;-12;30;50;23;-28;-42;71;-5;67;-16;18;48;-30;-26;68;26;23;-3;-43;-69;-7;52;-26;110;-58;-35;14;26;8;-50;13;28;100;3;60;-30;-16;1;96;-18;73;-96;42;68;-9;-19;-25;-59;11;-23;36;39;10;71;-14;-127;13;25;-8;7;99;-87;-47;-47;-12;33;58;-62;-1;-63;45;19;-36;-18;32;-77;-3;31;5;-39;-28;13;-16;-18;5;-18;19;15;18;28;-8;36;-46;84;28;-52;56;-54;-70;-36;-32;31;24;-31;34;-42;-25;1;-16;4;16;-17;-29;-15;-32;4;-52;18;-27;-35;18;-28;20;23;-34;6;-22;28;61;-34;0;6;-33;-72;108;-9;-8;-51;69;9;-11;-6;0;-15;39;15;-31;14;-44;-62;6;-8;8;0;0;-40;-25;-18;-16;22;-52;23;26;-26;-9;-14;-8;-36;70;27;-24;26;-44;5;-91;-39;22;-30;64;-19;18;83;-68;0;-11;18;-26;-38;29;-24;-21;-51;-58;6;10;1;42;28;-36;3;7;-26;-43;-42;0;32;19;29;8;-61;7;3;7;2;0;-3;-12;-29;94;42;24;25;-32;11;-16;-38;-34;-45;-13;21;84;0;-59;-78;24;-16;26;58;-29;2;-40;50;-40;-9;31;-31;-19;33;19;-48;-28;35;13;-10;5;-23;-26;-30;9;11;26;41;39;-2;-14;-15;3;-26;25;-11;-15;-41;12;79;7;-28;-29;-60;-17;-2;-22;-11;-65;41;-6;98;39;-56;33;12;-35;30;25;-2;31;-33;95;-1;-16;20;41;39;38;-44;-54;-58;13;102;-58;-67;-47;-65;-46;93;53;58;-5;-39;105;7;19;-36;8;30;-43;-22;0;-30;32;18;42;43;32;46;-45;38;-41;-27;26;-28;21;-89;-35;-23;91;5;-40;-96;19;18;5;-16;-19;-2;-41;36;-24;-33;98;-25;94;4;0;-6;-41;52;3;30;20;93;19;-16;-55;23;8;9;50;15;28;-49;29;77;-14;22;-14;15;38;-11;14;-17;-10;2;52;5;51;-6;2;-25;30;-27;24;12;-32;-2;-10;34;-35;10;-6;36;10;-73;10;-93;-63;43;-32;-29;-2;10;36;-40;0;-7;-104;-15;57;-85;10;-77;-3;-34;37;78;63;8;48;69;-28;-42;7;-102;23;-8;-40;-43;-59;-10;-1;-8;-41;-36;73;-4;98;45;18;-48;8;-39;75;-49;-69;11;25;104;27;-55;-31;-81;28;-23;-4;-33;-59;20;40;14;-44;27;-37;23;50;21;-12;11;-21;-71;-7;82;-29;0;-25;48;0;46;70;9;-5;-26;38;10;3;36;-14;-31;63;52;-2;11;-43;19;-55;-4;29;17;-65;47;-31;8;-5;-82;20;-34;40;37;127;-24;25;8;48;70;54;28;25;47;7;-3;49;122;30;43;-26;-18;16;31;10;-19;2;50;-51;35;38;43;-10;-8;15;-14;49;-10;-31;102;24;-28;18;-24;29;19;-38;-7;20;15;-14;18;-16;-49;29;19;2;34;-6;-32;-21;-69;-8;-5;20;55;16;-17;-20;2;4;-22;-16;17;-14;-1;0;-22;-15;-75;88;79;4;-23;54;4;-24;58;2;-11;-45;34;-12;48;-54;29;44;8;-24;38;40;-2;14;35;43;-52;1;-28;17;-83;-24;-32;-61;29;-42;0;0;-71;-9;8;-66;51;57;26;-53;3;18;-4;24;11;22;1;60;-34;-13;-13;22;77;10;-29;-11;-25;52;13;-11;3;3;15;-14;-23;84;23;-12;-12;4;43;-111;-32;-36;55;28;-49;18;19;88;-12;-25;-33;23;-3;-44;66;44;45;-9;7;63;29;-37;6;-46;9;-48;15;8;-22;-7;-3;112;-55;-43;21;-46;-27;-127;-1;37;67;-15;112;62;89;-30;-14;73;-47;-5;35;36;-9;14;-23;28;-10;64;27;-25;-68;45;-48;41;62;-58;20;-56;-54;14;-13;2;35;11;27;-11;-21;24;-76;5;71;-10;38;-10;53;68;3;-32;71;-75;-42;-3;-27;-40;26;10;-18;2;-14;60;16;-9;-3;-17;-16;-13;65;3;3;9;-29;-9;-26;12;10;12;5;6;32;-47;4;33;-20;-15;-29;-37;-3;-31;-54;-26;19;-17;57;8;36;12;-5;6;-36;-8;4;0;-24;-14;20;-58;29;18;69;28;-62;20;94;-17;15;6;26;-19;-27;11;27;-23;-16;-32;-55;-17;33;-34;19;3;9;-23;-17;20;55;-25;4;0;-2;-12;-16;-60;-51;-16;2;9;7;-47;-22;3;-67;-38;9;-14;5;-45;-58;0;68;17;-56;-25;-2;0;-61;-3;-3;28;-44;14;-41;12;16;-67;-13;31;9;8;1;-9;35;-1;-32;-1;-12;0;-8;-42;23;21;-9;-60;-38;-8;61;-18;-46;73;-33;-23;22;21;-92;35;-14;3;-20;16;32;27;19;-10;-48;68;-73;35;-17;-56;-49;12;1;-42;-21;10;-31;-31;-60;-77;-52;-51;12;68;-44;2;-21;-18;-32;43;-41;-10;22;13;-66;-33;56;-10;-87;-67;-53;27;53;-23;36;39;27;-3;-58;-26;-28;-22;-10;-2;-21;-30;-19;43;11;-22;-22;-38;-2;-43;-57;15;29;-47;-8;17;-10;-17;-59;-12;-6;-73;-28;-27;-44;-8;18;41;22;-59;2;-2;-77;-47;23;44;15;-60;-32;-14;26;-4;49;37;-2;-16;-24;26;-20;-19;-8;-46;5;-17;6;-29;-25;15;-19;-9;-16;-78;10;4;20;50;-47;-9;10;-29;42;-21;-12;-48;63;-16;-7;-34;8;12;-17;46;17;-56;2;36;-7;4;-52;-36;-7;21;3;18;-43;-19;6;-42;17;16;-70;-37;36;28;23;-62;36;-12;-20;-11;-74;-40;23;34;-65;16;-8;41;7;-15;-109;1;73;37;-20;-127;-55;-36;17;-54;6;-36;21;12;-7;-13;-33;-48;-5;-7;-11;7;-43;32;48;10;-14;-27;-46;-55;37;-58;-22;-52;10;-27;-12;-101;-47;29;-4;-18;25;10;7;13;9;18;-102;35;-72;48;-65;31;-17;-52;-35;79;-121;39;-39;26;-36;62;-102;33;55;0;-10;-68;13;-44;36;55;2;-42;-98;-71;-5;-96;-95;-76;2;-16;37;-23;39;2;35;4;26;20;-37;-83;-21;3;51;52;-79;-53;28;-5;19;-64;27;-49;10;-126;-30;43;-85;-8;-47;-98;-107;-4;31;0;-79;-39;35;-2;-117;51;-78;-49;-93;-97;19;29;-60;16;12;-82;34;-42;-30;21;16;-95;-47;-43;56;34;-115;36;9;1;-85;-72;-33;62;-107;-74;-27;83;30;-47;-16;-16;-125;-58;4;5;66;-39;-79;68;-1;3;27;28;-62;-69;-39;36;-53;-109;-125;38;15;45;-123;-120;61;31;24;-36;31;-43;28;52;-40;82;46;-65;39;-95;-25;-71;31;35;-7;-19;-27;-33;86;-65;-51;-20;-90;-31;-120;64;-113;14;-82;-95;-127;-76;25;2;-63;-64;-94;40;44;13;36;-61;27;-73;52;-104;-7;21;-28;-45;-21;-37;62;-34;44;-62;-50;-104;-28;-66;-55;-3;-38;33;-40;20;71;-81;-49;-66;16;-92;-67;-92;50;39;69;-15;58;-109;-9;-26;-13;-25;-8;-86;24;-51;-101;80;-72;-79;-125;-9;-36;-66;-62;78;-81;-70;-25;0;-6;52;-33;-95;12;-46;-8;43;29;19;-43;-68;-29;-80;25;-109;-15;-1;-94;-98;-40;51;1;-86;-80;20;6;90;-35;-88;-69;-20;43;-31;-80;16;89;-90;44;5;8;22;-17;-61;0;-77;24;-25;-8;-3;-8;4;57;-58;-57;51;25;-66;-89;-6;14;-72;8;-76;-55;-1;-35;-85;48;-73;60;-18;21;-33;-113;-64;72;-80;-117;0;74;-73;3;3;-113;93;-99;-31;67;17;-97;-80;-113;-21;-18;-21;-44;45;-80;41;-68;-103;78;-64;73;2;-73;40;54;6;-4;-66;-78;39;-73;-23;-59;-83;-90;-2;-50;-55;47;83;-77;-124;-105;70;-73;94;6;-36;-8;29;-26;12;-108;40;-116;99;-47;-109;68;-3;40;-96;-5;66;-86;67;-62;-14;35;-56;57;-14;-111;-69;51;-29;8;23;-80;22;-59;67;43;-22;63;-71;-75;23;-38;-103;65;-103;-17;-96;28;22;-16;-110;-28;-72;68;-47;75;67;-93;-34;69;-84;-75;-73;-92;-58;-37;45;91;-50;-100;0;-74;5;-98;-59;49;-50;-73;63;-24;-16;-56;-120;-46;13;54;-70;-26;-82;-3;63;13;-34;-96;-61;83;-57;-19;-91;-18;-67;-114;-98;30;-95;72;-122;-44;-110;-1;-92;0;-106;-102;-121;-91;60;70;43;-44;-46;12;33;18;-75;-69;38;18;-78;-85;-65;-41;49;32;-7;-4;-39;28;-98;-21;-48;-21;-80;-88;33;-4;-30;-85;33;7;-89;-13;32;33;-125;-86;-34;-48;-46;-71;-61;-29;-115;88;69;-22;52;-72;45;57;58;-48;-78;-42;-121;-104;40;-91;18;11;65;-58;-11;-28;80;5;13;10;-2;-59;15;-9;-66;86;51;7;-84;-127;30;-107;-44;-13;-18;3;-34;38;12;28;22;-44;-3;17;-30;18;25;15;-37;-25;39;33;-37;2;-4;1;2;-28;-16;-18;-50;85;21;16;-33;12;-1;-32;-55;48;-5;-29;2;29;4;-1;24;-17;20;-1;66;51;-12;-69;101;13;-82;1;20;68;47;12;15;1;-19;-40;-27;-53;35;24;17;-42;-4;-12;-32;-30;0;-33;22;-13;-19;31;52;10;-9;-37;-53;26;-31;47;-84;-45;-22;110;11;-36;-34;34;5;50;63;-11;83;-49;-54;-33;-30;-34;14;100;-79;22;-86;-84;-17;-7;18;59;5;65;-44;-44;-13;-13;-48;24;-80;-94;26;70;20;-23;-32;-26;6;21;89;2;16;24;11;-31;44;4;-27;66;72;10;-29;14;14;-62;-8;-46;16;-44;30;1;-15;11;84;-5;-43;-32;-45;1;-75;9;-8;7;29;37;97;-18;-21;48;-127;-26;-26;-16;49;-38;17;-20;-17;-33;39;-15;61;-90;66;44;-5;-72;35;-35;17;-13;18;10;-51;29;-26;45;-15;19;-21;-30;33;0;3;29;12;25;53;-11;46;-76;9;16;12;-24;-20;-13;-19;35;-40;38;-8;-11;6;-25;-38;-13;17;41;-66;-21;6;16;21;13;31;-11;52;19;-15;-13;8;5;-25;-5;47;-30;18;34;18;14;-25;53;-56;37;-16;-11;-8;30;28;-1;25;51;11;57;-33;13;-10;-18;49;-28;11;-6;15;39;22;9;-1;50;-2;16;-2;-15;-32;-16;18;-25;-2;-36;26;-34;-12;-2;-21;-19;15;13;7;14;-30;-3;12;-3;-26;-29;-5;-10;-16;11;-11;-4;29;-4;28;-4;6;63;-60;58;-13;-14;-28;12;-18;-42;-55;20;2;10;10;-11;8;-16;38;12;34;-1;16;-29;19;-7;-21;12;24;-46;11;-36;-41;-117;35;-11;-9;-4;33;31;5;33;9;27;-19;21;-65;-47;-43;3;34;31;64;38;9;31;20;-33;-11;-55;11;40;-24;13;65;12;-19;1;-37;11;31;55;0;41;35;0;20;-11;59;39;-15;32;7;-47;-3;44;52;13;6;-4;17;35;-54;19;2;-27;10;-7;-33;37;-25;11;-28;-67;29;-64;12;18;-38;-1;127;20;51;10;-31;-62;-21;-25;-5;19;-28;6;1;-30;46;-76;32;-51;-24;41;45;16;-33;0;-14;7;-23;-17;-10;4;80;-2;-67;14;66;-22;9;-2;-13;11;-26;22;44;-5;-54;-1;-44;-24;5;-60;-23;2;-36;8;-4;3;-1;-47;19;-4;-4;-23;25;-21;-21;-23;-30;-13;-17;-13;23;-38;-6;-28;-17;-6;6;-14;7;70;-15;68;-25;-17;4;-32;-8;18;48;-52;3;10;-15;-2;75;-33;27;12;6;47;-21;-37;-90;19;9;-7;37;1;29;12;12;31;-20;-39;-40;68;37;2;35;-22;-29;-45;-20;11;-12;22;-2;-14;-62;26;-2;-2;-16;58;3;-26;11;-22;-3;1;-70;32;15;-46;28;-12;9;-76;-57;-84;-70;27;-68;-68;-95;-24;-66;-71;-51;9;7;19;15;-63;-47;-86;-33;-7;-76;-60;-77;-28;-71;-43;-22;-26;-59;-63;-82;-46;37;-6;-76;-70;-28;-10;10;-53;18;58;61;23;-22;-29;49;-2;-106;3;-58;33;-64;62;-68;6;-60;29;60;-16;-44;-100;38;-78;-20;-94;70;15;-71;-31;-77;-68;31;-35;9;78;-30;-46;27;-15;28;-59;-62;62;-5;-60;-81;-69;-93;4;-57;25;-104;31;26;-46;18;19;-71;7;3;35;46;-24;-74;-65;-80;-56;33;-2;-30;-41;13;-16;16;-36;18;51;-35;51;10;58;-77;-46;25;43;-38;73;66;-16;-107;-18;8;-127;-14;-98;-16;-16;-88;29;7;46;-44;62;-67;-44;60;-84;-3;19;52;22;23;-69;-41;-21;-47;-60;-89;-42;4;-67;24;39;30;-2;-82;-5;13;31;-107;-25;-51;-51;-3;-29;49;-70;-16;-16;43;3;70;8;-82;-66;-42;-81;-23;46;-26;-76;-60;-32;16;-69;30;-48;50;-33;17;-36;-44;-3;-54;26;-60;-30;4;-75;60;49;-20;-9;-27;49;-115;18;-42;23;-103;-16;20;56;-88;-26;-86;-55;25;-76;2;-3;-51;25;-25;29;-112;-22;23;-44;42;-39;-4;-41;-20;-50;-78;31;-29;-36;34;17;-11;-64;39;-70;32;0;-92;-62;23;20;-21;-69;-76;13;78;-65;-21;17;-53;-80;1;2;48;-21;21;39;-75;-78;41;38;-30;41;-109;-16;15;-28;-123;-13;59;-64;27;-51;-85;27;-115;21;-74;-77;-30;0;-81;-74;-112;-21;19;-88;42;27;-11;-79;40;-79;45;53;17;-86;-64;-18;4;-14;-32;-53;-6;-81;-21;-52;36;-6;37;23;-89;23;-38;-45;-107;-13;24;42;52;-72;50;-20;-52;59;-102;-28;2;-126;35;-116;-125;-112;-13;-107;-70;-11;106;6;-17;-87;46;-101;-99;-12;90;-43;-101;41;8;-112;-1;-23;-115;37;-42;-39;67;-80;-79;-81;-40;-113;12;-38;-69;-88;-15;59;47;-22;7;-40;-114;14;-29;-59;-106;-53;69;14;-56;-115;-44;39;59;14;26;88;74;-47;57;15;-5;83;-1;-83;25;68;18;44;-74;-19;32;36;69;-17;-65;-31;-127;-22;37;-45;45;-28;52;-26;-104;44;-92;-72;22;30;-86;-102;-32;111;-78;12;31;-10;-56;51;41;-84;64;-100;44;-38;61;8;-92;-95;-41;-56;25;44;-93;-91;-120;-98;-80;-85;-9;-4;-28;58;13;15;-34;-87;-76;-88;-45;54;-13;32;46;-16;-74;-62;-95;-98;-107;60;-49;4;-37;-14;-22;-4;-63;5;72;-5;14;-3;-47;35;-47;41;35;45;-91;-78;118;47;-64;-86;-51;-58;-34;-46;-46;-92;-29;-57;-59;-109;-71;-34;81;-78;-103;74;-4;-11;-106;-27;-88;51;19;-24;-9;-111;-70;36;-61;-64;-71;37;-42;-68;-67;-59;-102;78;17;39;-13;33;-69;-114;-81;91;34;13;37;-26;-64;-83;-14;30;88;24;-77;3;-87;-53;-35;-89;-38;21;-62;-14;27;-72;7;-31;10;-3;-46;-32;-72;29;23;-26;-48;64;52;35;-42;26;-34;-39;24;-94;-75;-66;19;28;-5;-85;-98;-25;16;-3;6;74;-78;-62;9;-31;50;4;-4;-40;43;29;31;-3;-44;-58;-28;-41;-79;-79;-53;65;-51;-81;-45;-94;-107;-39;-10;-47;-104;-24;-4;-44;-11;-108;-55;59;-47;38;-64;-58;-11;24;62;-8;-127;-25;-32;-3;-94;-80;-13;1;16;-71;-6;-14;72;-85;-15;-34;24;2;13;-4;20;-43;-46;-63;-61;-56;-89;-48;36;-73;-64;11;-71;-66;-46;-55;-9;-97;46;44;-29;-25;-47;40;-70;-52;-94;-10;-38;-72;-9;-63;-67;-32;25;-35;-17;-43;-50;-37;-43;-2;2;-12;21;-37;6;-76;-10;-23;-70;-64;-81;-7;1;-40;54;-3;-20;-53;-84;45;-66;-70;-3;21;-4;-59;-53;-102;9;-25;28;-70;-39;-46;27;-52;-1;-70;-44;5;9;-26;34;25;35;-40;23;8;-14;-49;-86;-103;-45;-14;-71;26;8;-69;-67;-3;-68;-58;-54;-47;-73;-5;22;-38;37;5;-92;46;39;46;-10;-5;-16;-39;-21;54;-66;11;-22;63;-101;35;-16;48;1;-95;24;-100;-17;5;-33;-7;7;-65;-45;42;-68;18;-79;-14;-58;-4;-44;-56;17;-24;-9;39;-30;-11;-72;-6;-75;-30;-29;-8;26;-39;-11;-72;-74;-42;48;-34;-34;34;-57;-6;-92;13;-51;-67;-47;-29;8;-80;-97;40;-72;-61;-30;-34;-57;17;54;12;-36;-64;-79;-81;-96;1;-20;46;-22;-5;15;61;-47;61;-93;21;-12;-86;28;83;16;42;-25;-87;-64;20;-89;20;-68;14;69;65;-42;-24;-56;-33;-66;29;-78;-78;57;-14;-33;21;-53;16;-31;60;-45;-66;-36;36;-17;-97;-28;12;16;17;16;26;-74;34;-77;-4;-30;-33;51;-12;21;16;66;-70;1;14;-40;58;17;44;-32;60;-19;-100;48;35;-42;44;27;59;-81;31;-64;34;41;-6;43;-44;55;-110;2;-15;-81;-50;-34;-38;-62;5;36;-3;-15;37;-88;-92;-60;-92;20;73;68;40;-27;66;37;20;17;-66;-46;27;44;-50;-68;-75;-34;19;33;53;20;6;78;-83;36;48;-83;70;-29;45;-64;-53;28;62;-87;-87;18;-40;-20;-24;-2;-51;-86;-45;-75;-25;-49;38;54;-52;37;-52;-37;35;76;7;-64;-76;-77;-49;-51;-49;-81;-81;-78;-113;32;-77;-44;-23;-30;-30;63;53;43;36;-73;-8;-55;10;-2;30;33;41;28;-47;-17;43;17;-55;-49;-92;-51;-11;10;-66;52;-50;-29;-40;-5;-49;-54;-116;29;-88;47;19;6;5;-55;-12;-55;5;-44;-20;-20;-25;-60;63;-88;15;-35;55;-9;-23;-127;17;-24;-45;35;-89;-113;39;-69;-68;-40;13;11;-21;10;-24;-7;-7;-40;-75;66;-97;22;13;-39;54;-82;-9;6;-29;33;51;-75;-72;-82;32;-65;54;-112;-29;20;-44;47;-81;-9;54;42;-53;-33;16;64;4;-38;-9;20;-24;5;60;-22;38;-90;84;24;-65;-40;-17;25;-37;34;-52;-15;-75;32;-53;-30;-80;-99;31;24;-93;-85;-6;7;49;-77;14;-66;-38;-41;-70;23;-100;-31;63;-1;3;-64;-44;-22;35;73;41;-7;27;-61;42;46;-48;-82;13;17;36;-92;-93;4;-19;-57;22;-19;44;-9;9;30;-17;25;4;-20;-63;-19;-18;33;-15;51;28;21;-68;25;-104;0;-90;-113;4;8;-68;61;-51;-74;52;28;5;6;-44;-27;5;-98;-64;-79;-16;-24;9;-24;10;4;-40;-33;3;25;-26;77;-19;-16;-29;-127;-15;-41;-40;-103;6;-25;103;-28;-64;15;-93;91;28;-63;11;-7;-32;8;64;-32;-13;76;-19;-90;26;-94;46;-65;-63;-7;-49;-32;8;70;-31;7;-42;42;-19;16;-3;42;-73;28;-8;-14;-60;-91;102;59;-1;-2;-43;-35;-72;-39;22;-40;9;5;23;-4;-49;-30;-4;-31;-82;-15;-8;24;10;10;11;116;19;-15;-61;-82;-76;43;2;-55;58;-87;-86;-3;80;22;-39;24;-91;-81;8;51;16;27;70;-70;69;21;-30;-31;-12;-37;-13;102;-12;35;-10;-27;-17;75;109;-55;54;-38;-21;54;-50;38;-21;-6;18;10;23;3;22;11;-81;41;20;30;-2;19;-5;-109;10;18;41;20;22;-122;-44;66;86;7;30;-25;20;93;48;-29;-48;-50;78;81;4;-49;-30;34;-35;53;-66;37;-24;-22;59;-53;-58;5;9;-127;80;18;47;50;22;-15;-61;67;-66;-29;35;33;-7;36;1;-3;43;26;-4;105;17;104;26;-118;19;95;-29;-24;-104;-123;27;2;-23;59;-30;11;-15;-20;-64;20;20;-44;122;125;16;-61;19;10;-28;-35;-26;62;35;-37;29;-101;-89;14;-52;8;-21;30;-45;61;-72;-43;-48;-84;-45;-4;-19;-24;38;120;-5;5;-21;-82;-8;54;-3;-27;13;-21;-80;-78;-64;38;-21;18;31;82;3;-107;-69;35;78;0;5;55;-3;14;35;26;-18;-45;-28;-49;7;68;23;-107;-25;-71;18;48;36;-80;73;-33;22;72;-51;8;-54;-45;12;25;62;96;14;-40;-31;51;12;24;25;-79;-7;83;-30;20;21;-56;-4;38;24;16;-9;13;5;40;21;-4;45;-67;32;32;-105;-39;-4;11;-48;-30;27;-16;59;-23;-29;-30;-38;-21;-29;43;16;111;27;0;34;10;47;7;112;43;28;100;16;-1;60;46;-19;17;-27;-9;-1;-19;19;56;9;-41;-2;-11;-6;15;-3;-36;-32;-58;-98;-7;34;-71;36;22;-35;-6;19;14;-18;26;-16;18;-4;24;40;41;5;-24;-21;-6;0;-61;52;-26;4;-67;45;7;52;-3;20;61;-13;-12;20;-8;0;7;-47;39;-3;17;6;22;-14;-30;74;-38;30;18;26;-42;13;-1;32;-29;-21;-60;28;111;-88;29;-26;-74;81;65;-15;-96;24;48;10;-118;-59;-33;-38;51;-8;51;-33;-2;27;-94;-106;-4;-103;42;8;-16;39;-45;65;-20;-32;-35;-71;-38;29;75;-13;-41;-109;53;-54;52;-67;-75;16;98;39;58;55;-75;92;12;-103;25;5;43;40;-46;-44;-58;6;-55;-35;23;18;46;-76;-64;-53;-58;19;-26;52;36;25;-41;-75;-49;8;-1;44;16;-33;54;94;61;3;-22;59;-13;51;-1;29;-37;33;79;86;71;-49;-31;-32;-58;-43;-66;34;-2;-17;28;37;-24;0;-3;67;-37;-55;70;26;74;47;13;2;-29;13;31;-42;47;-35;-43;-102;-13;25;-39;102;16;10;21;-55;-78;27;47;28;-81;-82;-58;63;-65;-127;20;-9;24;-6;-33;-18;-51;-30;-19;75;-9;0;61;6;20;70;-21;106;-15;-46;-16;62;-26;79;37;27;52;6;0;6;-4;48;62;2;-31;55;-45;42;21;78;13;-16;-34;30;-57;59;62;-60;39;12;-8;-13;-49;-21;-33;-54;24;67;-15;61;-51;30;61;6;3;-38;11;40;24;5;33;54;78;-21;22;10;-80;-69;16;13;-21;-10;13;-81;-11;75;9;-10;1;24;-22;-74;55;4;2;-76;50;41;-49;-26;-39;4;55;68;-22;18;-14;0;-28;20;-12;-3;8;52;-98;68;-22;-8;43;60;34;-15;-31;1;22;-33;-64;17;53;-23;-66;-31;-4;-48;32;-105;-9;-45;-14;24;15;-35;35;1;28;55;67;22;-17;-80;0;9;11;8;-57;-46;32;39;-1;1;-46;5;3;64;-2;-13;18;82;7;55;-3;-5;-32;-1;-29;51;-17;-13;26;-34;-73;26;46;36;19;-73;33;58;27;77;10;1;3;-18;11;1;33;8;-54;20;-68;56;-17;-25;20;56;1;76;40;-9;12;57;-75;-49;-42;41;12;-42;-33;50;33;-73;46;64;-39;4;21;35;34;-29;-8;19;27;39;-6;-71;-71;8;-7;-6;-24;21;-34;-16;-36;-35;-63;-12;-9;8;-23;26;-43;-6;-50;-3;-10;14;-120;14;8;-4;65;15;-18;-77;-21;-6;36;5;1;-18;-15;3;-35;-6;43;58;-30;-14;-13;13;-14;-12;13;-60;-53;7;-24;47;-13;-34;-51;34;-48;-7;24;-30;-19;-39;-42;-11;-21;16;-28;-36;-9;-43;127;-16;-29;-10;-34;28;-57;18;-12;22;29;2;-93;36;30;24;30;27;-28;-73;-36;-56;-40;-46;21;-87;-7;-53;-45;17;-41;32;30;55;54;-44;1;-26;17;17;-8;53;-12;-22;-9;0;6;-56;-45;-6;72;11;-39;-22;-40;-23;44;14;49;-20;-44;5;-19;-26;15;-44;14;-17;-41;10;6;-34;-5;-38;43;37;14;-12;-20;-12;30;-14;-8;10;-5;-49;-68;-10;-8;-45;-13;-43;37;-47;-14;14;6;12;26;-5;32;-11;2;-27;10;2;-47;-12;42;11;-15;20;-22;4;32;51;-16;-119;-58;-6;43;-79;-90;-104;-88;-31;-44;66;24;63;-29;22;44;-106;63;-57;62;47;-49;53;-49;-52;-61;-77;40;-25;-5;15;-11;19;-93;41;0;13;7;-119;33;-71;-69;-59;-11;-73;-17;13;-99;21;36;7;8;-61;17;-30;33;35;-113;-14;-121;-39;5;20;-29;11;18;-24;-79;17;-126;46;-7;-1;-80;-105;4;28;-40;-56;15;-124;-125;3;79;14;-84;-64;0;-40;-98;-88;27;-9;17;53;-36;-115;-48;-56;-65;-12;-14;12;40;-119;57;-43;16;-51;29;14;-59;29;-52;-1;-31;2;32;-72;-111;69;-116;-12;-49;70;24;0;-102;-30;-91;24;-27;46;-81;-49;-76;-35;54;17;5;55;46;24;-85;-101;5;-57;86;17;-24;-75;-43;12;-103;-69;-125;-10;1;71;-56;-25;-92;-11;-89;-24;-26;-98;-60;-114;-34;-96;-66;45;64;17;25;-28;-59;-35;30;-66;-72;-108;-34;-14;-90;-27;-82;-108;8;34;-23;-38;-40;-115;-74;-24;-64;39;14;-74;-56;-55;-44;28;-85;-8;-21;-127;-67;8;-35;-35;16;-20;-77;-86;-98;-107;14;-24;40;-75;-47;38;18;49;-14;-7;-62;47;-47;-3;33;-3;11;28;45;-26;11;15;35;-105;-67;29;-91;10;-116;75;34;39;21;-124;17;-75;-82;-4;20;-73;-24;58;-8;-67;-48;-35;0;2;45;-9;-33;-40;10;-62;48;-67;-20;-14;47;-6;-18;-54;-58;27;-1;12;-5;47;54;9;10;-20;-70;-7;11;-19;11;21;-53;-14;33;-37;2;-60;27;-7;9;24;-37;-40;7;0;-43;-7;-3;28;-15;33;8;1;7;-41;-58;-8;12;78;-14;-51;22;-35;66;36;7;-5;-55;36;25;-6;-12;28;18;14;24;-49;30;-21;-56;10;-23;-6;-71;58;15;22;-26;-26;-60;-84;-16;-50;-53;8;54;-116;127;-43;37;43;-9;-70;-70;-8;8;-30;-31;13;-6;6;54;-26;-16;28;-29;-17;32;-3;14;-25;-11;-31;-20;-75;-27;51;13;-21;-27;39;-3;6;-17;29;3;21;-22;20;18;57;-23;36;-13;-52;-4;53;27;26;19;-2;4;-9;54;59;17;32;-35;-42;33;-24;47;7;12;-17;-6;38;-5;-2;13;3;-9;57;27;-21;-29;26;70;-16;33;120;-84;32;35;40;62;-13;-61;-10;14;-18;-30;-10;58;-59;-29;7;-34;-1;16;39;1;-54;-49;23;-9;10;38;5;-28;1;1;82;-14;-23;21;-21;5;-10;-29;-20;-54;13;-14;6;8;1;-38;11;-12;-29;-32;16;-1;-46;-40;-7;-18;25;-17;-42;14;26;44;-32;-56;-49;29;-35;44;54;5;6;-44;-28;-18;-35;-10;-41;28;-16;-10;-11;-38;23;30;36;-11;18;-4;-6;-27;-59;10;5;6;16;-7;-23;-7;4;-19;44;-6;8;-8;-42;12;15;15;1;35;-12;7;10;40;-35;22;-35;3;10;-35;-4;-19;-49;36;-40;19;-17;-29;8;28;-42;-53;-44;11;13;-80;-50;-75;16;-2;40;-9;-56;31;-12;-15;32;-38;10;-51;9;48;37;6;16;16;-50;-33;12;-62;-32;-10;-32;-45;-31;3;-26;-38;-29;-77;-33;-12;13;-6;-63;-27;-53;46;-58;-11;-1;16;31;-41;16;-24;-17;-90;-78;25;48;27;38;35;-19;-53;-70;38;7;-71;35;32;12;-43;-44;25;-32;24;34;13;6;40;43;-30;-60;-7;18;-20;14;-81;-26;-13;-73;-44;-40;-24;10;-47;-79;35;-27;-64;5;-29;-30;9;6;-10;-57;54;30;-63;-29;33;0;-45;24;-9;56;-16;-7;-18;-61;33;-45;32;-51;-45;-6;35;42;45;15;-60;-72;11;-4;8;-58;-4;-23;-34;13;26;-43;37;-9;32;-36;-11;-2;-37;-56;-76;-68;41;23;43;-12;-19;0;15;-61;-68;28;-43;-69;-12;-9;-9;39;-29;-57;4;21;42;10;3;-46;-36;-58;-71;-7;2;-70;-60;-16;15;-43;41;47;0;16;-20;-30;-63;-42;-69;-24;-17;22;-1;-46;41;-82;5;-40;12;-35;65;3;45;-12;40;3;-68;-55;-7;-22;11;12;-55;-18;-58;-48;10;-43;2;-64;9;-24;-68;-50;-127;-13;-55;-53;42;0;48;-54;-61;-34;42;33;-18;33;-54;-10;-61;8;-57;-9;13;26;-63;8;44;6;32;-25;18;-8;-69;-55;-109;1;-42;-30;43;32;-1;-29;-5;-63;-61;16;-33;9;-15;-16;-7;-55;-41;-56;-18;-46;-52;5;28;-41;41;35;-68;-21;-48;-69;29;53;-19;-94;-71;5;-6;-5;-20;-20;22;-11;9;-47;-92;31;-19;-67;-34;69;-85;33;-65;37;-41;-99;37;56;-59;-57;62;-64;-7;-63;-9;-81;-20;-39;52;31;18;53;-2;23;-57;21;51;-63;28;-84;14;-63;-75;-82;-55;33;-2;-75;-41;21;4;-56;-16;-31;1;-92;-7;-40;-68;-52;61;29;-46;-51;40;-41;-58;-36;-41;-102;-71;-8;45;-30;-101;-5;-36;-3;18;-119;-7;27;5;-12;-18;36;1;-35;57;-105;-38;-105;43;-19;54;-61;20;-21;-62;-46;7;-39;-78;4;-92;43;-8;-12;18;-100;12;35;-68;-49;-55;-105;-78;-25;-29;36;12;-44;-35;-52;-5;-76;-37;-32;52;-37;-75;-21;-32;49;27;4;5;-12;-7;-48;-55;-1;-17;30;-3;2;30;11;23;-89;-37;61;-61;19;-41;64;-95;-48;69;7;-46;28;-60;7;-33;-72;-49;18;9;18;38;25;-61;-37;46;-62;-37;-34;12;-38;26;-12;-46;-25;-66;-2;21;-43;-8;-99;-8;-27;-88;24;19;-9;-53;-73;10;22;-69;-29;1;27;12;-71;-68;18;-7;6;72;-61;-68;-35;-97;-33;12;-103;-71;-48;-8;29;66;4;30;28;-36;-29;6;-7;-127;-44;-71;20;-52;22;-29;-68;-21;-81;21;12;38;10;-2;34;-33;-73;-65;6;-19;-76;-65;-44;25;35;-94;-26;-65;-85;15;-85;17;-15;-61;26;-49;-111;3;-63;-100;-34;30;-118;-38;-10;-80;37;-25;1;-31;-15;-87;-15;35;29;1;8;36;3;-58;-101;-14;11;31;-24;-7;-52;41;-72;-83;-16;100;-39;-38;48;12;8;-39;-17;-65;-31;56;-70;-74;-42;-37;-20;15;43;-74;-75;56;-12;15;36;60;6;-83;-28;-53;-83;5;-117;-92;33;-101;-53;0;18;-31;-102;-92;-13;47;-67;-93;-111;3;23;60;-49;17;-36;14;-79;-45;-89;-127;-71;-5;55;38;-25;-92;-66;-55;-71;-50;-88;-83;-111;-96;-3;70;68;-79;-12;-110;-90;64;5;68;-15;-63;70;20;-33;-2;12;35;-50;74;30;-50;8;-58;-49;20;-105;-24;-68;29;16;-114;30;10;-57;-49;-49;-69;30;-10;-121;10;80;28;-41;-30;-65;-65;3;-32;14;40;-3;1;9;-69;-78;-50;-107;16;-117;-83;-30;-20;-87;-42;48;32;-64;-17;-21;21;-9;50;18;-23;-21;-38;4;-36;-78;-11;-58;8;54;39;-40;24;-41;-58;-58;27;41;38;-113;-75;55;2;-54;-4;-53;-47;41;39;-33;61;-50;17;-89;-12;-4;50;-90;26;-121;-25;49;-125;-97;-12;-45;24;-45;44;66;-106;-64;28;-4;-80;-82;59;-9;-34;-105;-46;-121;-63;-74;-16;-102;-98;-51;-1;34;-5;15;8;-5;-80;17;4;-42;-48;-81;-43;-74;-34;-51;88;-77;13;-45;-15;-56;-3;-55;-70;34;18;-24;28;25;-16;4;-12;-65;-105;-28;-30;23;-2;-84;-37;6;-92;-31;0;-1;6;7;-16;13;-53;30;19;40;51;54;-6;-73;-48;-32;-14;-81;14;42;-42;26;31;-45;-59;32;89;-34;-74;-1;8;65;-49;-126;42;-3;38;26;50;31;-5;18;5;-85;19;-36;-51;16;31;64;-43;49;-14;-3;-67;-49;-14;16;-48;-17;-99;-35;-22;-30;17;7;-22;53;91;-2;-55;-25;15;61;27;-73;-13;-28;-48;5;-45;-25;57;0;-26;11;-33;9;-49;11;28;-72;-23;35;10;-69;-46;35;17;-50;-32;31;15;80;-44;-98;61;2;-43;90;10;-7;12;-24;11;-127;40;2;44;-37;51;34;17;20;-1;5;35;79;40;21;5;-62;6;51;29;32;-71;-42;-17;102;-105;-44;19;-10;25;54;12;-60;-29;14;-56;-114;22;-37;81;-10;7;30;13;7;9;9;12;0;6;9;38;66;24;47;-3;-24;9;27;37;26;-6;90;37;-13;52;78;-57;-19;38;32;-31;-87;2;20;50;-56;-36;-40;24;58;-62;36;-1;-42;-2;-34;48;-47;37;-90;-3;-20;45;-72;-6;-39;13;-38;4;-16;-66;6;-59;-4;79;-41;-78;-8;23;-17;1;-29;-19;21;-8;-42;-63;-30;-77;-25;40;21;13;56;40;-57;-3;-30;-75;25;-58;32;44;94;-32;-29;33;-72;-58;48;-19;36;20;21;-6;-32;-29;-17;23;-1;10;16;24;-85;-23;-5;-79;5;-67;18;-6;-30;41;44;-70;-101;69;-4;39;29;-4;-8;57;-104;-79;-27;-23;-54;-17;-85;-53;-17;34;-5;-55;-16;31;40;14;-8;3;-5;-108;28;-5;-11;-21;-79;72;0;-54;-110;-2;10;-72;-43;-14;0;-27;16;-36;-7;56;-48;-71;-70;-3;-98;21;-75;-47;-13;64;73;21;-73;-43;39;51;-19;-59;37;-45;-35;28;-51;-28;-13;60;-27;-34;-56;15;-37;18;-41;-83;-26;14;25;40;-35;-41;-64;-14;100;-43;53;11;38;73;-35;-20;59;15;-8;82;-54;-31;12;-35;-95;50;-10;-50;-20;-88;50;20;-56;-7;97;-1;-56;50;43;-71;-93;-88;14;42;-63;-7;-45;18;-86;61;-91;-45;-83;-72;-77;-47;-24;-2;71;47;-48;32;9;8;7;-16;51;21;36;-49;5;-65;22;-4;60;-41;-10;29;46;26;10;-30;2;70;-62;-63;-12;16;48;-14;10;-21;25;-74;48;86;60;71;93;-39;6;-25;-86;2;59;-11;0;-17;14;39;18;-119;-96;-81;43;-46;9;12;-23;-37;17;-69;3;-85;48;100;0;-34;-34;-28;-2;-20;15;-127;67;-41;-1;65;53;-37;-107;5;-32;-4;24;-124;55;22;-72;31;-40;-81;13;-22;29;-18;-28;-66;-16;2;-78;-17;-16;10;-55;0;-76;-48;24;38;-25;-77;50;-2;-39;58;-28;6;-43;-61;-66;34;-24;-54;-15;-6;-2;-70;49;15;89;-91;-72;-25;36;-12;-46;-41;6;68;-21;-61;-47;-30;-10;-24;4;58;-15;-4;-5;-37;3;38;-13;14;2;-41;-7;32;19;-40;6;74;5;22;-10;25;-1;21;-13;-2;-30;52;69;-22;66;7;22;31;-75;-6;17;-35;8;-27;-10;-72;49;20;16;52;19;14;-37;-26;30;-54;-10;112;-66;41;25;37;-92;65;14;-6;35;-49;-19;-6;12;-45;-18;-29;-23;-32;-8;0;42;52;-21;-5;28;-51;-20;15;14;18;7;28;22;66;61;-26;-13;-28;11;27;-3;-49;-13;5;-37;19;-78;-6;-59;15;-42;-43;92;-8;-7;46;22;7;0;-23;-39;2;-8;2;6;-13;82;-87;11;-64;-17;-54;21;-36;-28;-1;23;-26;33;-28;-15;33;-26;-83;-17;34;-34;89;60;-37;19;-51;-10;-39;26;-17;-15;-25;22;12;17;-127;-5;-42;26;1;-5;-61;4;49;-53;1;50;24;44;2;-35;-75;31;3;49;-18;-2;4;7;33;37;23;-43;-24;27;24;-39;-15;-20;-29;-28;-26;-1;25;14;-33;24;4;82;-3;-6;-7;-13;11;24;-11;-7;14;-47;-35;17;28;37;1;47;-20;-45;48;25;11;8;-37;16;-13;12;-28;45;17;-3;8;-56;-24;-23;-34;47;3;34;-8;2;-27;-31;-50;21;8;-15;7;70;-38;0;3;73;-82;-54;-22;13;-39;-30;-15;34;-27;-6;14;-32;37;13;19;-11;-30;-5;13;2;12;-49;-4;49;22;3;9;2;-32;47;60;37;-19;28;19;5;39;4;-4;-85;-8;1;-41;-12;47;-69;-71;-108;-57;-80;65;-59;-55;-89;63;12;-28;-57;-69;16;-21;-19;-99;5;-57;-47;-87;22;41;-50;-27;41;-67;47;-31;-54;61;-34;-14;-103;53;-34;-52;-57;-79;-127;-72;57;-26;51;-44;-59;4;29;-76;-35;-78;-18;-45;-66;-59;10;39;40;36;48;-23;-60;16;-48;-17;1;-20;-56;58;-17;-30;-117;46;-46;20;-24;18;62;-28;-35;-40;-66;-30;-6;-110;-3;-16;-52;-24;1;18;8;-65;-27;47;-96;-2;30;32;-57;-10;-73;26;25;-70;-45;-5;-96;42;-87;-49;-43;43;54;32;-32;-7;44;-55;43;-19;-73;-92;51;-47;-32;-68;15;-67;-22;31;43;28;54;-82;-84;40;17;-26;-18;-20;-22;47;-75;8;-12;-51;42;-37;-72;1;-78;27;19;36;62;-34;-61;-15;-13;30;-12;8;-54;-22;39;-10;1;-40;63;-62;24;23;-84;60;-28;29;-34;-3;-58;-9;-39;-44;11;24;-11;-59;5;-75;34;15;-32;-72;-41;-72;-1;-115;-30;45;-82;-44;-45;19;33;-50;-55;-49;-70;-30;-24;-60;-72;22;36;-34;-79;-101;-67;-74;11;64;40;-62;-32;-101;0;52;-23;-25;60;-35;-71;-79;-52;56;-79;26;-59;-10;-54;65;-80;-43;-60;-14;19;1;-13;54;-8;-30;31;-77;-103;-18;-60;-64;-74;-85;-74;-7;-9;-45;-34;-67;-26;-42;6;7;-25;24;40;-64;37;-35;-73;-20;-49;52;-70;37;-78;-23;5;-28;54;46;-27;-57;-127;14;-14;-42;32;11;20;-24;-76;-16;14;41;2;21;27;-37;27;12;-85;-47;-1;-44;-68;49;-26;26;8;0;-24;-31;-11;14;-43;-89;-11;-41;-72;53;-60;39;-24;-10;3;12;-21;-94;7;-3;-43;54;90;-6;33;-2;12;-58;7;-35;33;3;2;2;-44;-97;55;-38;-49;57;-13;-36;10;-52;32;24;24;26;0;85;0;10;-40;11;-1;27;-14;-46;-2;5;-48;59;0;-28;19;-20;-29;89;21;44;105;80;-76;-1;8;-115;4;7;20;-42;-26;-48;24;-39;32;-48;-48;-18;-63;63;-38;9;10;3;-115;-39;-38;-49;-28;43;2;-69;32;31;-1;5;75;-14;30;6;32;26;57;-56;-30;-46;2;5;-54;-52;-45;-40;-5;-20;-27;48;43;38;-30;32;-48;-13;2;-34;-8;66;14;7;21;-86;-52;-52;-31;-19;-40;-36;-15;23;59;-42;-44;-15;-24;4;-33;46;-54;-37;7;-76;46;-63;-82;-31;4;-19;9;-3;30;53;-70;-10;-24;-8;-9;-2;-60;-36;79;0;-24;29;-44;-22;23;-4;-11;20;-57;34;-38;19;-36;-43;-34;-75;8;-78;-6;21;-25;3;-86;-52;47;-29;-18;11;11;24;78;-50;4;-26;32;9;-55;0;-27;-2;-9;16;14;-7;-16;8;16;-29;44;-1;-24;6;21;24;-22;-9;10;-37;-15;-32;20;-16;11;-66;-27;-33;-53;20;6;-34;-74;2;-41;-7;35;-2;-50;28;-14;-24;-15;9;15;-17;-4;-37;-18;38;12;41;-26;-2;-1;-48;26;-3;-31;-7;73;-37;-51;-11;40;-56;-8;-78;-13;-56;-41;12;-41;-9;48;32;-56;52;0;-84;-18;-68;-57;24;-23;12;0;-22;9;-40;8;-50;-37;-48;14;-28;46;-3;-47;-59;-9;-50;-9;-31;-21;45;-28;-6;-7;-33;-21;-20;10;-1;9;-23;70;68;-33;-33;-14;-2;22;8;10;-20;14;34;-17;-47;53;16;-41;24;-12;-3;52;-20;-15;-53;-15;-127;6;46;-67;26;14;44;23;11;-6;-51;-41;-93;6;-20;-11;-23;79;80;56;8;-10;18;-1;12;62;-6;18;-46;8;-2;17;-66;-64;-76;-19;26;48;-8;3;-3;-21;11;-18;44;47;-35;54;-4;-18;65;101;-4;19;-13;-10;-20;7;-9;30;7;28;-89;16;-12;-9;-25;-47;35;-40;21;-62;-7;-29;-75;-49;34;3;-10;2;-58;12;41;-6;27;13;-11;-37;-1;-10;-70;82;19;70;-13;-31;3;-2;67;40;-13;-20;29;-80;20;29;-69;26;22;-79;-38;-10;-6;59;25;-4;-55;-26;-25;-39;51;83;78;1;25;-46;19;-9;-30;-91;32;-84;-4;-9;37;-30;11;-48;27;2;-5;19;63;-47;-7;13;24;26;65;-75;3;-7;-49;74;15;-57;14;52;76;85;-9;66;14;28;48;-20;41;28;-20;97;-3;7;-5;-1;48;18;-9;-45;24;115;-1;42;-70;18;-14;-92;-45;-75;-16;-49;-61;17;-85;-2;-31;-16;16;-77;-8;-94;-31;43;-89;-72;-28;-19;-48;-22;1;14;10;1;21;35;12;-43;-10;18;-44;26;-18;-5;-64;46;-35;-77;-50;-80;18;-52;32;8;-62;-24;-58;58;-20;-74;-54;-33;-66;-15;0;63;-2;18;39;-50;30;-73;46;26;-127;-80;20;-82;4;-60;-69;-74;-3;10;-50;-72;-71;39;-1;-79;31;-43;-61;-52;-90;33;4;-69;-80;15;-51;-8;-28;-83;26;-31;-33;22;15;5;-35;-4;28;4;17;-13;-20;49;-24;-11;44;64;0;-72;-6;26;-90;-73;36;-42;-50;-30;-67;7;-75;65;31;45;-71;2;-34;-39;17;4;67;-27;37;-80;-7;1;70;-18;-6;-33;-62;-7;-19;-27;-4;20;-7;-33;-47;-101;-64;-79;36;-34;0;-43;-44;-69;-62;-47;10;1;-34;-1;-14;-39;19;-28;10;6;-77;10;-56;6;-38;-61;-81;-72;9;49;0;-58;36;16;-4;-14;-78;-15;27;29;-63;47;-40;-49;-27;-68;-47;-36;7;-79;37;9;-26;65;14;63;-8;-71;-74;-11;-54;-20;1;24;-1;-64;4;-58;17;-13;-39;31;39;23;-74;-63;4;5;-55;-12;-5;10;-14;36;-5;54;1;56;-43;-33;-62;-76;-62;-65;-27;-23;-21;-31;-11;-33;26;-60;-3;32;4;-56;44;-60;34;-44;59;-53;4;-52;68;-13;-66;13;-61;46;17;-75;-22;24;-48;-104;21;-54;-9;-12;-39;-51;-11;-28;-13;-25;7;-9;33;22;7;13;39;25;-16;-35;-4;-82;-25;0;-38;-51;-26;-3;1;10;69;10;-14;-39;-46;-16;-28;35;-57;-17;-34;3;-11;-46;96;-3;-9;-36;17;-16;26;1;18;24;17;-7;-50;-58;11;23;-25;-15;-20;-4;-72;2;-27;-13;23;-59;-18;-63;-74;7;64;4;33;44;31;18;-37;-47;16;47;25;33;-20;7;14;-36;-7;46;-58;23;-38;-27;-59;-14;-36;2;-1;9;-54;-34;-12;-1;15;-5;-20;-2;-15;17;-6;-14;-31;-37;20;-47;-58;-55;-27;22;-39;-51;-51;-31;-8;9;4;-49;-27;-35;-41;-7;-70;38;-19;-45;81;-21;-16;127;28;-9;-1;-37;65;-16;-2;-53;12;-21;-48;-25;-19;-50;17;-5;56;15;-61;-8;-69;6;-43;46;-33;24;-29;23;79;46;17;44;37;34;-4;-69;31;19;-15;26;-14;-9;27;63;16;-6;-79;4;4;65;-41;-57;-7;-63;-16;77;-32;11;3;48;-16;5;10;27;-13;-38;58;17;2;-2;29;-19;-9;13;18;3;54;67;17;-10;19;1;-14;-48;19;-64;63;-23;-17;55;-13;48;71;-7;-74;31;35;-26;63;-15;30;12;31;-20;45;-4;-37;-15;62;37;6;-41;-35;17;-36;9;15;-19;62;76;-10;-1;-3;7;24;63;-52;49;37;-60;24;-20;38;42;15;28;60;-28;-28;2;70;5;8;-62;25;9;-26;-34;-12;18;7;4;-68;-1;26;-80;-7;93;28;-76;-19;29;127;19;-5;-49;-34;11;-60;-40;-28;-20;-73;-7;-6;-59;29;-60;-71;-32;-64;-54;-94;42;-17;-11;-16;-54;-56;17;114;-7;72;-6;-3;-95;71;84;51;12;71;-51;9;-93;-18;-53;-24;28;-5;-18;13;67;-2;36;8;-73;-11;-37;-7;-64;45;-7;-103;0;-113;28;36;-21;-85;-81;18;6;-26;-2;64;-24;-99;-3;43;12;-9;35;-11;29;-8;-59;42;6;-7;12;12;-6;-19;14;14;75;-39;-41;-31;50;37;-1;108;18;20;40;-30;-60;73;34;2;5;41;-24;12;39;53;71;15;-61;1;-31;-61;71;-3;-10;-37;40;-49;-81;-36;-9;-21;31;-40;37;16;83;-5;10;-15;66;-72;-7;79;18;0;-55;-1;32;-2;-56;-74;12;-33;-55;26;-34;74;-18;-18;34;2;42;-21;-37;11;79;29;-35;-6;-35;-58;29;-8;-108;-9;-32;22;87;-19;-30;-8;12;-33;-93;64;-95;60;47;12;-3;34;-44;-35;-6;-98;-31;-29;-16;-16;39;-35;20;-50;-72;-2;2;-18;-9;-5;31;-52;-45;-22;-8;-32;-65;8;-107;46;64;-21;40;-12;8;-69;-32;10;-28;14;43;47;29;-56;15;-57;-42;-2;-4;-17;-3;-68;-2;13;-18;-37;-51;-51;4;-99;-29;-28;3;-1;-3;-13;-119;-12;51;16;-3;-12;61;21;-47;79;42;-14;35;27;-32;52;34;-8;-11;22;11;27;-6;34;-62;-58;-17;0;-54;22;22;-9;28;-47;41;0;-50;-5;-61;25;-31;-18;-7;26;34;10;-25;-45;45;28;-55;-11;-22;-31;-26;6;-34;-75;-19;85;-16;-54;-1;-54;-87;51;-73;-3;-19;27;-13;-50;-28;0;-79;-41;39;-16;1;-11;5;-47;-1;-61;7;-72;20;-49;-41;-34;-50;-35;-25;-35;-6;-28;-18;14;-37;4;-35;44;-37;-77;20;-65;7;26;-27;-94;42;-78;-16;-73;17;-1;-27;15;38;-40;-46;-23;-15;-13;-64;41;38;-16;3;5;-27;-20;-63;44;-24;-22;42;-17;37;-61;-63;-58;-53;-13;55;-22;-74;-82;14;-48;-54;31;-72;1;-30;-39;-46;-69;-48;-52;-19;-42;-49;26;11;-29;-33;-56;-31;-81;-48;12;-20;-75;-45;-7;21;39;-85;-82;-60;-27;-15;15;-47;-32;-2;-37;-18;-56;-60;-27;4;-28;-40;-65;-57;18;36;16;-41;16;18;19;-54;-91;19;60;20;-33;-17;-54;-6;17;-43;-24;31;22;-20;-19;-60;30;-40;-45;-74;13;-20;30;15;18;22;49;-14;-36;11;-16;-19;-33;30;-6;-18;28;-31;-45;-92;-19;-20;-14;-55;-19;-72;47;-35;-69;-127;-28;-31;46;-55;-38;-7;1;-51;-41;-32;4;-42;-54;-27;-9;-33;37;54;-15;12;25;-45;-65;-58;-12;-36;35;-7;-84;-5;-12;-82;37;-47;24;-58;-30;-24;35;35;21;-84;53;-50;-32;30;-44;28;-1;15;21;-25;-55;15;43;-16;-49;65;4;41;-38;-12;-103;22;4;-19;26;-10;-19;-53;46;5;37;-36;33;-3;31;81;56;0;40;-39;-55;-24;24;-24;51;-19;-26;-7;-12;52;-49;-14;-117;-23;-57;-6;29;3;31;-29;60;-69;-11;-32;21;-22;5;35;-40;-62;-19;-30;-49;24;39;3;16;6;-21;31;-44;25;-29;-73;32;24;32;25;-45;-19;32;-34;45;-29;-64;24;-53;5;-28;-39;-45;74;-15;-39;-5;-5;-22;-39;7;-11;57;-100;-106;-20;4;35;44;-52;-17;24;26;6;-70;-10;-71;-6;25;33;25;33;-62;27;-12;66;-17;-9;1;1;-7;30;-20;-127;-3;26;-68;-18;-32;-17;30;27;13;0;-50;-4;-56;4;8;-33;-11;15;0;17;-53;-45;-43;51;24;6;-13;6;-15;-1;-63;33;3;-5;-35;-82;18;-81;-19;50;29;-6;-43;25;-34;34;-19;34;-30;57;32;-22;-83;-9;-40;5;8;16;20;52;-13;-26;22;18;21;-36;-2;-41;27;11;7;-21;17;43;-19;-42;-4;-35;35;-37;-8;45;29;17;-77;-2;-21;19;-20;-27;-16;16;-38;26;-8;25;-45;-75;21;-62;48;35;16;12;34;31;-98;-50;-10;-6;8;-34;-6;-39;-1;14;-44;-39;-98;-6;18;-21;-44;-9;-46;2;25;19;-54;-10;12;9;21;16;0;5;23;11;-57;-3;-35;4;-20;-13;13;-35;26;-10;-9;-38;-75;-32;-21;-16;-23;-3;-68;92;-44;-6;0;-1;19;-63;10;-77;-13;-79;-34;-60;-35;-59;-82;-3;-17;-55;6;68;47;53;-29;-38;-24;11;69;17;61;-53;46;7;47;-32;-42;5;-48;6;-81;-52;-12;7;-39;-41;-36;-60;-58;-38;-25;-11;2;-65;-93;92;-4;-127;-66;-46;-55;35;-55;15;-74;-20;39;-8;-41;-52;-67;-52;-28;59;91;-49;-108;-53;-50;28;78;22;-31;29;50;-45;-98;-29;-24;-89;-26;-79;47;11;-54;-89;-27;-22;47;-4;21;8;51;-50;-13;7;-1;-85;-79;2;-53;-25;-27;30;-32;-18;75;-13;-21;-61;-53;39;38;-1;39;15;65;30;-52;19;-35;-55;-91;-34;22;-27;-105;98;20;-65;-88;-77;-3;-10;-4;28;12;48;3;-1;16;-20;-58;-69;22;15;31;-13;-36;16;-9;2;-3;-52;-105;-24;-60;27;-33;-11;18;57;-3;60;66;-50;79;69;26;-98;81;-42;-68;55;-60;37;14;9;-65;-5;11;-17;-17;-38;65;-69;-68;-15;-3;35;-66;-60;-52;-38;50;16;-4;82;-18;-46;3;52;-75;43;-69;-24;-31;-70;-12;-58;-51;15;-17;-48;0;-4;-8;-40;-74;14;-49;8;-83;-18;25;-30;-52;-18;-66;-95;-65;-17;-76;-62;5;-56;-92;-28;8;-45;-75;-44;-21;-29;-35;-11;48;-24;-8;-70;-71;42;9;-71;-65;-49;-119;-1;72;-29;-62;-48;14;-27;-24;10;-64;-8;-13;-23;-39;-84;10;-85;27;59;-62;-1;-82;-74;-23;-8;1;-105;-3;-77;31;3;75;-41;-65;-110;-65;-88;55;6;-84;-56;-56;18;-2;-48;-18;-11;31;-39;-85;-36;-7;-26;-108;-29;51;-66;-46;3;51;-57;65;25;78;-12;-111;4;-101;51;73;41;77;-32;-17;65;-27;71;-15;8;6;-55;-62;47;-3;-96;-43;-79;38;-44;30;-58;53;57;18;31;-75;-91;-20;-127;-84;27;53;-6;91;22;35;49;-108;-18;10;-14;37;-74;-19;-29;-85;-83;-80;66;-88;-92;-13;-100;-54;10;-38;-73;-87;-50;-52;-56;60;-49;-99;62;-83;24;11;-1;-29;-34;-48;-53;40;-100;-62;44;60;21;-66;-45;89;-79;-30;23;-17;-92;-48;17;-88;20;-89;-2;-1;-47;75;25;-45;-35;39;85;19;74;-90;-73;-70;-4;51;-2;-85;-91;32;-92;-26;-103;-79;13;6;-22;65;-42;55;57;-79;36;-30;-37;-9;-92;90;-67;-113;37;-30;85;9;-17;49;-37;17;72;-44;-97;-29;-55;1;-118;4;-22;-33;16;32;70;-127;47;-37;12;-104;16;-59;-52;-33;-2;-7;51;63;-59;12;-82;9;-17;58;-90;-78;-47;19;-83;63;-17;46;49;29;53;-23;69;-29;44;-92;7;-105;-85;-27;-13;81;-57;-63;-81;54;-20;-58;47;-41;-93;-38;45;-98;-65;-104;-4;-59;-73;-69;15;-116;-24;-92;-50;-1;-99;-3;-30;-111;-58;-64;-51;-11;0;16;-13;-42;-72;-70;-85;23;-107;88;34;-51;-67;-99;-74;38;55;81;-34;-90;-123;21;-44;17;26;52;-59;21;-57;23;44;-28;58;9;-53;-82;44;-62;-110;40;-36;-49;51;-75;-97;48;-50;25;-82;-53;-76;-62;-108;30;-27;93;-89;10;-99;0;-90;29;-1;-71;-31;20;-35;-22;54;28;36;-72;13;-6;-29;-36;-86;-93;-39;45;58;35;-31;-118;-118;-8;-4;-39;27;-72;-23;-45;-112;-63;-91;-71;88;47;29;-53;-82;-123;37;-119;-122;-62;-84;-47;18;-59;-92;27;-119;-120;-105;13;-104;-65;9;9;-56;-11;-12;-4;-10;44;57;3;-76;-123;-22;-118;-9;-71;-48;23;42;-51;-42;3;48;-20;54;12;-53;-61;-5;78;13;74;23;-35;-37;24;44;-68;-74;73;59;72;56;-89;-49;-13;10;-36;-122;4;54;-11;80;-102;-33;-89;-55;-51;-49;58;-115;-25;-40;32;94;85;-46;-74;-53;-71;-18;-47;63;-5;68;-59;19;0;52;-86;-69;-56;-47;-8;79;-1;-91;-55;48;-58;18;1;-44;29;-67;-81;87;-80;-51;-75;41;-77;-73;-114;-127;-52;-46;-114;-47;-107;-66;-105;-5;-51;-41;-9;-24;10;-30;-123;-112;79;-6;-56;-8;-30;8;-32;61;19;-3;61;-30;-98;-58;-41;-15;72;-51;-85;76;-60;-4;-74;82;57;-31;-29;62;34;35;-114;37;-81;-82;-10;-27;23;-32;31;-72;-38;-57;18;-62;-78;-39;-90;11;-94;-54;-33;-80;44;67;-33;-27;37;-62;68;-23;53;-15;-46;-7;-74;24;29;-24;0;12;-3;81;10;-26;14;-5;-17;14;-13;42;-35;53;-31;-44;50;4;31;53;-18;-9;8;-22;-7;19;42;-9;61;12;-39;3;35;20;-29;1;3;72;-4;-16;44;-58;-24;39;-74;-47;7;2;15;38;-59;-34;-6;8;-18;127;-2;-8;29;-55;-7;-26;-17;61;0;20;28;-12;32;23;-45;28;4;12;96;52;21;68;20;45;-1;-34;11;8;-20;2;-64;11;-63;19;27;-28;-1;-15;28;-48;6;3;58;36;2;-4;-6;3;3;24;32;12;12;-17;11;-1;-38;-51;-58;-31;-24;-9;-2;-17;38;-30;31;-13;-16;5;9;18;62;-88;-3;6;-2;-15;-40;-2;-2;57;-26;3;22;32;21;-44;-13;-25;25;-7;33;3;-47;37;7;-42;5;9;54;16;-34;9;-54;-34;13;-51;122;-23;0;-8;25;16;20;62;-35;-6;-7;-6;-58;-21;51;-35;-18;14;-11;24;-58;6;10;48;-7;-12;65;-35;-38;26;-21;-21;15;12;42;8;8;11;42;-27;46;63;-10;48;-67;24;-6;-16;-18;2;-55;50;14;-12;-13;-20;2;40;-35;28;-25;-46;28;28;-18;-4;-1;16;50;-11;93;-58;16;6;23;0;35;44;30;60;14;-27;61;82;-49;-47;4;-35;39;16;-7;-1;17;-19;-9;5;-23;6;2;-26;-9;26;16;-11;-14;-2;21;1;-45;11;21;-32;19;43;6;-39;-12;-33;-34;-44;-50;-111;1;-14;-86;-29;42;-99;-33;-33;58;0;-18;-13;34;-63;-59;37;-32;49;-1;-1;-113;35;-74;-59;-57;5;11;1;-43;-26;-13;-42;-69;-23;-69;-76;-16;-47;-55;37;11;-4;53;-23;38;5;-35;-44;29;-36;2;-25;-23;6;-46;-122;29;-57;37;-7;-44;9;17;-23;-50;5;-44;-77;15;-18;105;43;4;-23;-65;49;37;15;40;8;-58;-84;-30;-44;-124;-11;-39;-13;52;-14;-20;-77;-74;53;30;35;16;-63;2;22;19;40;-72;21;-33;11;21;56;52;-11;65;-60;-72;-31;-1;-45;-62;-85;-10;-92;-67;-7;33;29;-22;-17;62;8;-85;-5;-112;-18;63;1;-127;-119;36;-2;17;-60;-35;-84;13;32;5;10;4;-14;44;30;-117;-126;26;16;-8;-49;-68;37;5;-27;-14;-48;-80;-80;-44;-67;42;-24;47;-102;-19;-33;-7;-64;-54;-15;-30;32;13;-47;-30;-70;-43;9;-54;42;-49;-3;-30;22;25;-77;-71;15;21;-40;-51;-30;-119;-39;-9;-66;-43;-27;49;9;-10;-42;-22;17;43;-38;-122;10;-27;9;61;-52;-86;-17;-13;-33;-52;-5;-46;5;5;32;-27;-53;-110;-81;24;-15;-33;-63;20;-61;11;-28;5;30;-22;-6;-30;11;-61;13;39;64;-32;-61;-79;8;51;-74;-47;-13;-44;-35;-17;-64;-101;-16;-30;-21;-64;-82;-20;15;-7;16;-24;28;41;8;-36;-23;-107;-59;-13;72;-54;9;-28;28;-49;25;80;-27;0;38;66;-29;-100;-46;25;-7;25;5;6;-53;25;16;-1;-38;24;-13;41;91;-46;32;-45;10;36;62;9;22;84;-34;80;-11;-55;14;-88;4;20;-97;-1;-25;-28;-41;-38;-30;-26;10;-55;10;4;15;-18;36;-65;23;98;43;20;-79;-54;95;13;75;55;-26;10;-28;28;42;-22;-93;19;7;5;-24;-20;54;-25;21;3;-80;99;10;-46;-3;-22;-42;58;48;-2;-6;16;-38;21;17;-29;61;-24;-32;-7;24;-35;76;18;-1;-40;-9;15;23;-76;-40;-56;-34;-8;15;-10;-63;20;-23;-76;11;-52;32;-13;-28;-39;-48;-7;24;-46;15;-27;-76;-48;-13;-30;89;20;-22;26;48;-6;5;0;-22;-8;73;-102;4;5;11;48;-46;-43;50;34;10;-2;-2;20;-25;39;-25;10;53;-23;23;-38;33;-12;32;31;-127;9;-20;3;28;-38;7;-12;7;83;34;0;-58;5;7;-11;45;8;8;-54;-12;10;24;27;37;-6;61;74;-4;-16;16;47;18;72;65;31;3;-81;34;61;-83;-17;12;-6;9;2;-31;30;-37;8;18;-23;1;-69;26;-95;-23;-5;2;-9;2;24;35;79;19;19;22;-17;5;-103;34;-16;-5;18;2;11;-114;-49;-40;-27;41;-54;-7;-54;-24;-79;-20;3;-93;5;20;-5;-54;-24;-12;-62;19;-12;56;-11;12;60;-26;-33;-49;37;19;-45;-38;-5;-25;-43;-60;-18;-22;-50;-22;-31;-16;9;-10;-46;38;-2;19;3;10;30;-8;15;-31;28;34;35;-33;-1;-54;-41;-33;56;-13;-4;-22;3;25;27;30;21;-2;-83;-13;-42;-79;8;43;13;-28;-40;17;16;-54;-50;12;30;-10;-28;46;-55;-45;-48;-21;-55;-40;-37;-42;-66;1;-51;-8;-23;1;-11;23;6;4;81;-7;-10;-59;28;22;-24;15;-13;21;-29;31;-47;-8;-14;36;-6;-29;48;-31;26;-14;-62;4;15;27;2;17;-51;39;-68;8;-10;-18;-9;-13;-64;-18;12;-39;53;43;-62;-23;11;15;21;-26;-38;27;22;-20;-27;6;-49;-48;34;-4;40;-20;17;-7;21;-19;-36;21;-52;-50;2;16;-9;-43;9;29;2;42;-41;-27;-50;-6;-40;-27;28;-32;21;30;-58;19;17;5;-17;18;-2;-43;-36;-6;-97;-45;-29;13;13;-9;-14;-25;-29;5;24;-25;23;34;-45;42;-95;-66;28;-57;28;11;-21;-48;-22;17;-8;-44;6;15;-15;25;-127;27;-33;-21;3;16;-49;24;44;-48;-6;26;-13;-18;-20;-36;-81;21;-32;39;12;-25;12;9;53;21;35;-19;-18;7;-19;49;7;-34;-35;-4;-44;37;-7;-12;20;49;17;-5;-29;42;-28;-14;45;-59;47;-43;23;-33;-21;-38;-29;-7;24;-33;-49;-28;27;-28;-64;48;51;-42;25;-51;-5;19;-11;16;-5;-64;-54;7;-57;-51;-69;19;-51;-1;-34;9;-25;38;-25;-4;-42;-13;72;-40;4;-97;55;29;-35;-10;15;-12;-68;-58;55;27;-71;-15;-83;-16;-1;-50;36;-90;-49;25;-20;-67;44;43;3;28;-24;37;17;-118;-8;24;-35;-72;-15;-27;-63;-25;-47;9;-9;-52;-29;8;43;46;-64;-64;-127;26;-7;70;-14;10;5;-8;-12;-59;-38;-100;-31;-16;-85;21;7;54;-28;-112;-39;4;36;-88;57;11;62;9;24;-7;15;36;-84;51;-59;70;-84;-8;-50;-11;-1;-69;-91;34;-43;-49;-54;-70;97;-67;-64;-85;38;-33;-50;16;-57;-50;-88;-2;-72;-30;-20;-15;-54;-90;-11;5;-59;-24;-56;-59;-40;77;27;-9;-64;3;0;10;13;33;34;-38;42;-2;-75;-31;49;25;59;15;0;-69;-80;62;2;19;26;3;-15;-58;-33;-74;17;33;-26;-54;46;-68;-7;2;71;33;58;42;8;35;54;8;47;-59;25;11;13;39;-37;-68;-78;-56;31;-6;23;-59;-40;-26;54;9;-51;41;-19;-63;-76;-72;89;2;18;-14;-16;-50;-34;27;-70;50;23;50;-62;10;-27;30;-30;21;-62;-45;-47;-44;-61;-1;-47;-75;-63;-7;16;-57;50;20;-57;-28;64;-93;12;-89;-11;-14;48;4;7;25;21;-15;-26;-57;109;-27;-55;62;33;-19;-49;-90;-66;-63;-7;-6;-42;4;-59;-70;-36;-12;-30;-52;23;-9;-7;-57;-54;-42;25;-62;-74;-7;53;-58;-80;-18;34;-77;6;44;-2;41;41;39;17;-9;73;-9;2;35;15;-11;-6;-9;-13;-25;-15;64;-19;22;37;18;-26;-21;7;-62;-1;-17;2;-3;0;46;30;26;-33;-30;-44;18;36;-10;-119;-4;-38;-11;65;-4;50;20;-16;-12;26;8;-47;-13;43;-89;-12;18;1;10;-18;-4;-127;-81;66;24;-45;-46;38;64;-14;11;-63;-3;-8;-47;-20;-24;13;44;15;-43;63;34;-17;2;55;47;-13;39;42;-9;4;-22;-69;-38;58;19;-51;-7;22;-11;-63;-44;45;-39;10;-54;-22;-43;-54;-36;2;-34;0;34;-48;-59;-26;30;-35;-40;23;-14;-8;6;-18;-74;-7;-15;-74;-55;10;29;-62;-10;17;-105;45;-56;-36;63;3;-28;-19;-109;-3;38;-23;-17;25;58;-57;0;1;11;-10;41;55;-3;-6;-40;-6;8;34;-50;-48;18;-17;-16;60;18;-16;-27;-18;-57;-25;-84;16;11;-26;-81;3;5;-30;-2;2;-42;-42;-34;71;43;-29;35;52;14;2;79;42;4;-23;18;-17;-12;-51;-35;55;41;12;-7;34;-25;20;-17;-1;-9;-15;-27;37;-10;54;47;6;33;-3;1;29;-57;33;-1;20;-28;5;23;1;20;-67;-36;-12;5;59;-16;-19;-7;-12;-15;44;-37;-79;37;13;2;2;10;13;28;-22;57;15;0;27;2;-8;19;46;31;8;-21;-26;28;54;-17;56;8;22;25;-78;-13;38;38;-75;-60;-73;0;38;28;28;-50;-19;-47;-28;-37;-41;-13;-13;-3;-15;-59;-1;-11;-47;-42;-12;19;-22;-19;-2;14;-22;-41;-1;-43;-18;-31;-47;-105;-23;6;40;-67;-28;-16;-9;20;26;-69;-18;32;-5;-52;56;-9;34;-69;20;-50;-55;2;-39;18;-23;17;-8;-51;-83;-71;-127;-61;18;-4;2;-62;14;19;-36;-9;41;14;-44;29;52;-33;-17;5;19;7;0;9;-25;-36;-32;21;-41;9;8;-51;-7;-49;-50;-28;7;-80;1;10;-58;8;35;-90;-29;-59;-37;19;-22;-21;68;-16;13;18;-32;-50;-3;12;16;-17;-24;-50;-37;9;-21;-15;-120;-72;-28;-58;-56;-54;-47;-17;-21;-61;-3;-8;-60;-18;2;20;-77;27;-14;16;-6;-46;44;-49;18;38;-15;11;-2;26;-10;4;-29;-65;-63;-39;-29;-72;-64;-41;-23;9;-25;-8;4;-57;30;-30;-17;40;-30;-4;21;-73;-24;25;46;-34;-14;5;15;-22;35;3;-13;-49;44;-52;16;43;-11;-18;-32;-43;-45;9;28;12;-9;-17;26;31;-43;3;18;-16;-23;39;-54;29;5;2;-8;15;-60;-23;26;-41;37;0;-2;21;40;26;-33;-52;-22;24;-46;-44;-13;-19;0;-28;25;-43;-60;-5;47;9;-3;30;-1;9;-3;-2;-30;-25;-71;23;45;11;-26;-1;-37;-17;27;-66;-42;-58;-110;-6;-32;27;-57;-7;-29;-2;10;-20;-11;-32;24;-1;10;-13;-41;-23;-62;-34;8;-70;-3;-51;20;27;23;13;2;-22;-25;-1;25;-39;3;-51;61;51;-1;28;-73;-58;28;54;-16;11;1;-45;-43;-23;38;13;40;-36;-38;-59;2;-7;59;-25;-35;-66;-63;17;-38;-35;5;-31;66;-39;49;-24;25;81;-29;18;-28;-16;-31;122;-32;14;-25;-33;73;109;70;36;-27;-77;-83;20;-5;-41;63;7;37;43;-83;-17;56;-21;37;-52;53;-45;49;-94;8;42;3;4;2;-3;47;68;27;-85;19;48;-38;-77;-18;46;-30;-125;25;29;-15;20;25;-8;15;11;-4;-25;-46;-27;-13;-50;8;-82;54;-34;-49;-30;-58;49;9;-3;-23;23;38;-18;-34;-53;26;-66;-15;-43;-3;-96;46;-34;68;33;-84;-63;-11;26;33;-7;-31;-34;42;-23;10;-16;-29;-4;-5;-5;9;-5;-58;25;27;-66;-53;-69;1;23;-50;64;-21;-88;76;95;10;-51;-27;-50;14;30;12;9;31;-15;-127;48;-13;-18;-31;-66;-14;-4;12;24;27;-36;-37;-4;-38;29;-73;18;-59;9;32;22;-34;-69;-29;-72;0;-75;-25;-37;-48;14;-52;-8;-69;-71;-6;-38;59;-32;-58;-102;-22;32;-1;33;-47;-41;-23;20;63;7;-27;-20;23;-43;13;-63;-15;-57;-12;18;-17;88;4;18;-62;-31;-13;-111;-19;33;-21;-43;-33;-6;-68;-30;-53;-28;-10;-93;41;-37;-12;-9;30;-57;-35;-57;12;-48;14;55;-23;39;-25;-29;-22;23;-86;-78;50;15;37;-29;-47;-78;-12;-46;44;-11;-109;-39;-73;5;-7;-6;-46;-84;-79;-30;-73;-41;-98;36;-58;-27;-44;-69;-102;-3;12;-22;27;-34;-22;-18;7;-30;34;-34;6;-60;17;-106;-31;-10;8;-89;-52;16;-75;40;-35;7;-13;-25;-74;-18;-83;-4;-15;-9;-35;-71;22;39;-58;-80;-39;19;-18;-112;-25;44;25;50;-16;-39;-36;26;-38;-25;59;-17;-14;2;-25;-8;20;-5;23;60;24;-3;-45;-45;-92;31;-41;33;-28;-17;-17;38;-56;-83;27;-76;-80;-22;34;68;36;-3;-46;-7;-3;-17;10;-18;-80;48;-63;-46;-58;-28;-25;-37;-35;-21;45;-80;14;-28;-49;5;-20;-42;-90;-59;-11;50;2;5;42;-60;40;32;50;-102;-51;-49;-66;-13;35;57;-33;9;-90;37;-17;-76;-24;-6;-15;-14;-26;11;60;6;-88;-47;-26;-32;-14;14;-49;20;45;-35;-11;-67;24;-80;61;22;-100;55;-23;-1;-98;-79;19;35;-19;37;5;37;-74;-29;-74;-12;-49;9;-79;64;-93;-70;-21;-82;-36;-67;25;-29;31;-40;-27;-20;25;13;-123;48;-112;-12;66;-31;-84;-18;-9;-32;-53;-27;-73;-15;-80;-70;-63;-35;-42;13;49;30;51;39;64;-23;-15;33;53;43;34;62;39;58;-127;-7;-65;-52;13;-51;-49;61;10;-46;23;-49;22;-31;57;3;16;-10;51;16;-38;19;49;62;-19;67;-58;-72;27;23;-20;-76;-76;-51;58;49;65;
64
-97;178;-105;271;227;-139;242;67;-64;-146;-124;-91;-20;-20;-111;-151;568;-40;-92;22;120;362;480;22;-82;-35;388;237;-44;-58;-169;-94;100;547;21;139;-134;107;-86;-101;-151;199;-59;59;-113;73;296;-114;333;-24;-72;-196;-37;-95;-100;23;-143;190;-85;-101;157;-132;249;-95;
64;
0.00088471366;0.003972294;0.0011908506;0.0033860926;0.004964033;0.004009412;0.0039341203;0.004044715;0.0011492288;0.0011028512;0.0011675279;0.0012586269;0.0036842935;0.0016030768;0.0010488268;0.00091676577;0.003702731;0.0014022018;0.00087403227;0.002234194;0.003185754;0.0035973198;0.0041317805;0.0023677344;0.00087689457;0.00084279553;0.003750023;0.0044226907;0.0010569927;0.0008667878;0.0011932753;0.001022013;0.0018755882;0.0031227297;0.0030128204;0.003911618;0.00095500954;0.004525377;0.001338167;0.0011478672;0.0011044993;0.0021872097;0.0016741819;0.0028092982;0.0010415135;0.0024574876;0.0032015329;0.0011322153;0.00363337;0.0021168117;0.0014930152;0.003724039;0.0011106872;0.0008984828;0.000870493;0.004159763;0.0012054888;0.0037416292;0.0015193678;0.001136157;0.003463339;0.0016259418;0.0026345388;0.0010741907;
0.33579883;
-128;
0.56547934;
-128;
4480
35;128
6;-47;5;-18;-7;-18;-43;-23;-9;-15;11;-13;-6;-17;4;12;-20;11;16;-7;10;7;-14;-30;-6;20;-1;-1;2;13;-15;-15;6;-16;15;-27;9;-14;6;-18;-27;-9;17;-21;-15;0;2;-2;7;-20;-17;-29;-11;-23;18;-13;-18;3;11;-7;-23;3;4;-4;17;-12;-21;-15;-50;-9;-78;33;1;-10;7;-16;7;-5;-5;-2;-71;-5;-21;-25;-29;2;10;-23;11;1;-43;-3;7;-19;-17;4;-2;14;-6;4;-7;-21;-21;15;-19;-37;-29;9;20;-6;-28;13;1;-20;-22;-35;-12;-5;16;-11;19;-45;-5;18;-29;14;8;0;-11;-33;-1;-11;-1;13;9;-8;18;-2;21;-5;-20;-8;8;20;-14;9;0;5;-18;12;8;-17;-5;6;-3;20;4;-2;-2;-20;-7;-2;-25;-9;5;-8;-7;9;6;-8;-15;-6;-7;-19;-4;-16;17;-9;-7;-3;-23;16;-15;1;21;-23;-16;-3;-55;-8;-19;8;-13;-42;7;-29;20;-15;10;-14;-1;-12;-11;-12;-32;-23;-12;-10;-25;20;-12;-18;8;9;-5;-26;15;-15;27;-11;-5;19;-6;15;-6;-16;-24;-18;-9;11;2;6;-7;-13;-4;-15;-16;-22;-4;-20;16;-33;-21;-48;20;8;-5;-5;-13;-33;-2;-8;-37;-11;-42;-4;6;-31;-6;-12;-17;-1;-35;-52;17;-8;-6;6;12;-24;-6;9;-11;21;-5;-5;-30;-55;-15;-11;-15;-2;32;-8;9;16;-8;-5;-5;-7;5;12;12;5;-22;-1;-2;-19;-18;-7;18;-4;6;12;-24;-9;7;-28;-25;12;-18;-67;-10;24;15;-8;-11;-5;-9;2;6;-27;4;-57;30;-29;13;-33;-7;-17;-6;2;-27;-28;11;5;-21;-25;-1;-30;-30;-10;0;-25;-5;8;-28;2;-4;19;14;4;-25;-76;13;-36;0;-27;-11;20;20;-44;-12;-25;16;21;1;-8;-10;-2;-23;-23;-14;14;-8;-13;8;-52;-10;7;-3;-19;38;-4;-10;-47;5;-40;-9;-21;-18;-32;-18;-16;5;9;-1;-30;-8;-21;-14;7;-4;0;-9;-23;-30;0;-14;1;36;43;18;-1;9;0;9;-27;5;4;21;-12;-7;16;-7;22;4;-9;-18;-25;19;-19;-31;-2;-13;6;11;-3;6;-18;8;-21;-5;-13;-14;1;-7;5;-9;-5;20;-69;4;-6;-52;-19;4;-8;-1;-3;15;-8;9;-9;-17;-2;10;6;-7;-12;-1;-10;1;-15;-19;-29;-20;-3;-22;7;8;-86;-1;-26;5;-1;-9;-2;-1;-71;-5;12;1;-9;-6;13;-1;24;16;-31;17;22;10;-50;10;3;-5;16;-7;0;-10;-3;19;-60;11;-16;-27;-1;25;-47;11;-1;-14;-6;-18;-1;-13;-17;-4;8;-23;-2;-1;8;54;-11;-9;20;-31;24;-20;-21;-7;5;-1;0;-5;-6;23;7;5;22;-1;-1;-4;-38;-4;-1;-20;-21;-15;11;-15;-9;1;-1;20;-13;23;-33;-16;-16;-12;9;-8;-12;-7;4;17;-9;-9;-39;1;-15;13;-4;4;-19;25;-26;-13;-24;-70;14;-17;-41;-5;45;0;-8;-2;18;-43;-5;-12;-4;0;-15;-27;-67;-15;10;5;26;-6;-2;-20;-1;-14;18;7;-16;12;-14;9;-11;14;-41;13;-22;-10;-7;-14;-16;22;7;-25;-8;-39;11;20;-4;13;-36;-4;-43;13;-14;15;-16;21;7;-33;11;-5;-20;4;-12;-7;-26;-20;-14;26;0;13;-12;-62;-21;3;19;-24;18;-4;1;10;10;5;4;5;-13;1;1;13;14;14;-5;-3;0;-1;-5;-24;1;16;12;8;-17;10;-70;-19;9;3;-2;0;-4;-21;-3;10;-3;-20;-39;-44;-15;-20;12;-12;-20;6;-27;15;21;-62;20;-12;-13;-46;-25;-28;-22;20;-21;24;3;-16;20;-16;-12;15;-72;-12;27;-15;-23;-18;-25;14;-3;6;1;8;-27;-15;-14;8;-30;-8;-17;-1;-11;-15;-33;-3;24;5;16;-31;13;-50;-19;-22;-10;-24;-26;-40;-15;23;-26;-8;10;16;14;-3;3;-25;-14;-25;7;6;-11;2;-3;15;-8;20;3;-63;-8;16;-21;-21;-4;5;-12;9;-2;6;-19;-17;16;-7;-1;-19;4;-15;10;-19;-10;26;14;4;-3;-5;-8;-13;-18;17;-42;16;-12;8;2;-21;3;17;6;-3;-34;-70;-32;-50;25;-8;-9;-12;5;24;-4;17;3;-11;8;-7;-13;-22;-5;-29;-10;-19;20;-41;-13;-17;-14;-16;23;2;-46;19;15;14;-29;-6;-12;1;-15;36;-21;-18;-25;-24;17;-20;-8;-12;-11;-2;-7;4;-11;-14;18;-11;14;-14;20;-11;16;14;-4;20;-16;6;-12;-35;-31;6;9;-7;6;8;-2;4;8;-24;4;0;-19;-42;-32;-28;-9;5;6;34;-15;5;19;0;-14;-18;-36;-30;-6;-2;-8;-13;-23;3;-18;-17;-23;-15;2;5;-22;25;6;-8;-15;-9;-5;-5;1;7;-9;-11;5;-40;-2;-12;-14;-4;-43;7;-2;14;34;-17;-1;-21;21;-16;-6;-54;-10;6;9;-14;-20;23;-33;-21;22;11;-34;0;-1;-27;1;3;10;-13;-20;-12;-33;-20;-11;9;-23;-1;-13;11;-22;5;-19;-15;-31;-10;-23;26;-17;-17;-49;-19;19;19;6;4;-44;-22;-20;-15;18;13;19;3;-1;-10;-25;-28;20;-15;-11;-1;-1;3;0;-17;-2;20;22;-47;4;13;5;-21;15;-20;-12;13;-14;4;2;16;8;-6;-20;21;-20;14;-28;6;-26;0;7;14;-31;21;-2;22;-6;-35;3;-9;1;9;-26;-8;14;16;-50;-1;6;-8;5;0;-9;-16;14;11;-16;7;-9;-39;-48;-41;29;13;8;-2;3;20;3;13;-11;-21;-22;11;-5;-17;-31;-27;-24;-20;23;-45;-8;11;7;6;6;0;-32;-2;-18;17;-10;-23;-27;-5;10;-15;-25;10;5;-19;-20;-15;-17;-21;-16;3;8;-5;-15;-21;13;5;10;1;6;-1;22;23;3;2;-51;-21;0;-47;1;-14;-18;-7;-25;-9;3;-2;14;-29;18;-8;-6;2;21;-29;-14;-22;13;-6;-24;15;-25;2;3;10;-16;30;5;2;-41;14;-2;14;-5;-34;-9;-16;-35;-30;-19;-18;7;3;-30;-9;-22;15;-40;-19;-1;6;-12;-9;-17;-20;-13;16;2;-19;26;8;-12;-29;-14;-18;5;2;5;-13;8;18;-14;-55;17;-4;0;-26;-24;-32;-29;-2;-12;20;-9;9;18;20;10;14;-50;-46;-16;-26;-49;-7;-11;4;-28;-6;6;-5;-41;8;-10;-27;-31;-13;-34;3;5;7;-11;-6;31;11;-18;-15;-11;-31;-18;-7;-45;-5;-63;-18;-2;45;-35;2;8;-26;-23;-18;-2;13;-16;12;0;15;2;2;21;35;5;10;-22;-13;-8;8;-28;4;22;5;17;-52;-3;-19;-14;2;-24;-20;-15;1;-30;-16;-5;-1;17;-34;20;-9;-17;-5;21;-7;-40;-14;-6;21;-7;-15;-7;-6;4;15;18;-15;-46;-42;3;16;-70;17;16;-6;-7;-43;-5;-18;17;-26;0;-2;-1;-2;15;12;17;9;18;-11;-26;20;7;-23;-20;12;-32;-34;-27;-3;-26;-4;5;9;0;-23;-18;-11;-50;5;-1;20;-34;7;-10;10;-10;19;-27;17;4;8;-10;-10;-20;-30;17;-3;30;-11;-43;-10;18;-9;-30;12;-13;-14;-19;-8;-26;16;19;-4;7;19;-24;-1;-27;-25;5;-20;-9;9;-31;15;11;17;-19;9;-5;-2;-18;-16;7;-8;5;-25;8;0;-16;-5;7;-35;-7;14;-23;-2;-10;0;10;-5;-28;11;23;0;-7;-15;-10;13;2;8;2;16;-57;-20;-51;-36;-10;12;-1;-24;15;10;-13;2;-17;-8;1;20;14;-18;-43;-31;2;13;17;-46;-6;15;10;8;9;-15;-4;-5;-57;-9;-22;4;3;-10;-29;-19;2;9;-4;-23;9;-12;-14;-8;11;-18;-12;-8;-41;4;13;21;19;-12;-6;-21;23;-14;-49;-21;-24;-28;-5;-36;2;8;-34;17;-25;-27;-7;-16;10;-19;5;16;18;0;-7;-26;-8;12;15;-40;-17;-20;25;2;-19;-19;-26;17;-6;10;-42;-12;2;15;7;-18;-15;-16;4;-34;13;-6;3;-2;-21;1;-2;-14;10;-12;-66;0;9;-47;-22;0;0;0;-31;14;-28;-34;-14;-15;13;-11;-22;5;-10;-32;6;-10;-5;-15;8;2;-14;-14;9;-53;-23;-24;-13;-62;22;-20;11;20;1;-16;25;30;-6;-10;36;21;0;3;-32;-16;5;-11;-4;-28;0;11;0;-31;9;22;-17;20;10;7;-38;-4;11;-15;15;-26;-8;-1;4;6;-19;-2;-5;-54;-74;16;-23;-21;15;-10;-27;12;12;-17;-13;10;3;-8;-33;-19;-22;-3;7;20;-11;-1;-2;8;-12;-37;-12;-24;-33;24;-55;20;-24;-22;2;-15;-35;-11;4;-31;5;-47;0;-14;-29;-1;3;21;1;4;31;-17;-3;-16;7;-18;-1;-1;-27;-20;-63;-46;-32;-63;-12;-1;-4;-26;13;-36;7;3;-8;-76;-5;-16;-20;-41;-22;0;3;7;-2;4;1;11;-2;20;10;-17;33;-15;-6;5;-1;8;-17;-12;-39;-6;7;13;-24;-4;-13;-29;-24;-13;-44;8;-16;-8;-26;2;-24;-12;-15;-49;-22;-53;21;4;9;-11;-46;-24;-48;-12;-17;-1;-10;11;-12;-15;-17;2;-10;-18;-14;8;-15;-44;-21;-10;-11;8;-6;-80;13;0;-6;-16;6;-5;-17;4;-2;-9;-38;-22;-16;-5;-26;-1;31;1;-21;-17;10;-36;6;15;6;-7;7;7;-10;-2;-42;-24;3;-3;-8;-9;2;-22;6;4;-61;-15;-17;20;14;-12;-25;17;14;-28;-17;10;-1;25;-16;-5;-38;-20;-28;-22;-10;15;11;-42;-2;10;3;-7;17;-20;-6;24;-36;14;-7;-2;15;-21;-11;12;-9;-24;-40;-8;7;-59;-39;-31;4;3;-24;17;-26;0;-23;13;5;-31;-21;4;-7;-21;22;-14;-57;-47;-42;22;-23;-22;-14;12;0;-45;8;-14;-17;-2;-12;-22;0;-12;-28;-8;-24;17;-4;-77;13;-9;-13;-15;1;-12;-21;1;-5;-21;-18;-17;19;-36;-9;-14;14;21;-5;-43;9;-4;-22;-18;-39;-32;-24;6;-16;-11;-53;11;23;-12;21;13;5;2;9;12;-18;-25;-33;6;-58;12;6;-14;-21;-13;-5;-15;-10;40;-11;23;-13;-25;-4;-14;-16;-10;-11;-54;37;-9;-24;0;4;-37;2;-48;-53;16;-31;-18;13;0;-2;14;-37;1;-7;2;-15;-8;-9;-1;-18;1;1;22;19;-9;-19;-10;-5;-7;-17;20;-5;14;-59;-12;-45;-21;-15;4;-81;5;-14;9;-6;-53;2;16;-1;-44;18;-7;-15;-21;-52;5;-12;20;22;-55;-46;-16;-1;14;18;6;-45;28;-39;6;4;-21;-5;-27;-3;-21;-14;5;19;-11;-17;-12;2;10;-23;-14;-18;-20;28;22;-42;-3;-24;-32;-19;-32;-7;18;3;10;-42;-52;-42;-47;24;-11;-6;-23;-2;13;9;-17;1;-34;-4;14;-10;-34;-10;-16;-9;-19;19;-48;-5;-23;1;-7;6;-13;14;17;-37;6;-69;-22;-16;2;-14;-17;-16;-7;-29;-28;12;44;-18;-30;1;13;-4;14;-17;-4;-20;6;16;-65;9;-36;-7;13;23;-21;-26;-9;-11;-37;-37;16;21;-15;-14;-15;-7;2;-3;-44;-12;-12;-18;0;-9;-31;-26;-12;-14;-23;-58;-2;-20;17;2;6;1;-49;-6;-8;-42;-2;-2;18;-4;-28;-16;-14;-25;-20;10;-13;9;4;-28;-3;-8;-14;16;-6;-3;-13;14;-32;-22;-12;-11;4;1;-2;-12;-99;-34;-34;-36;-11;-27;-34;-21;34;-18;-4;-15;-45;6;-18;-19;-24;12;11;-13;10;0;-31;-33;-2;8;10;20;-23;11;-37;-37;11;1;13;-25;-5;-15;15;-21;9;34;6;4;-1;-5;-5;10;-15;7;3;-46;19;21;16;-10;30;14;-9;-18;17;-51;-5;-46;8;-25;-18;-15;-9;8;3;-4;-5;-6;-16;14;-10;-21;-17;1;-17;23;6;-20;-6;15;-4;11;-18;-7;1;-3;-8;11;-59;-46;-23;-37;-23;15;5;-26;-35;-16;-5;-10;-30;5;26;-38;-2;-34;-15;5;-16;6;-5;-2;-9;14;-49;18;-36;-12;12;10;-18;-71;-28;4;19;1;22;18;16;-5;-38;-23;2;-11;-14;-18;18;3;-17;-16;-5;-23;1;-8;23;-32;23;15;-12;-21;-29;-14;19;-45;-16;-29;-2;20;5;13;4;-17;10;-3;1;6;-16;18;14;-14;-5;7;6;-9;12;-75;12;-15;-8;-6;-21;13;-16;-126;14;-38;-17;-12;-60;1;-24;16;-23;6;-43;-6;-19;12;-49;17;-16;-3;33;25;20;-11;10;11;35;27;2;16;20;14;8;-31;-65;-49;23;25;-8;16;0;-44;-22;-4;18;-36;-12;-1;6;-36;-17;-22;-26;2;11;-8;-22;-33;-7;-19;-31;22;-17;6;-5;0;12;-43;-13;16;-125;0;-15;1;-26;-21;-3;-3;-23;-17;-57;-21;8;-12;-49;2;-1;-22;7;-1;17;-5;18;-5;-9;17;-17;-26;-7;-9;0;-36;-2;5;17;-14;11;8;19;-37;-22;-1;-19;-6;-3;-38;-4;-17;17;-66;7;-14;18;-2;-33;-8;-39;14;-23;8;-24;1;-44;-30;-10;-9;15;-5;2;-13;1;-23;-4;17;-20;1;11;-19;-30;-14;27;-10;22;-22;-86;-20;2;-13;17;20;0;-36;-51;-27;12;-40;7;-21;4;-34;-5;-23;0;-15;-21;-13;-27;-6;9;-14;16;2;11;25;-20;-34;19;23;8;-13;5;-15;-15;12;-21;-23;-16;-42;40;-46;-16;-7;-20;9;20;-2;10;10;-16;6;12;-33;-5;-22;29;-31;22;-20;-40;-15;22;-9;11;3;-24;-24;-8;-42;0;-30;-11;-12;-15;-19;11;-5;-13;-22;-8;-9;-11;-15;-5;-56;-1;13;-5;-55;-17;-32;-11;21;19;9;-50;-8;-3;-38;0;-13;17;-22;0;-18;-26;-31;-23;23;-23;-10;-10;-21;32;21;6;-64;-30;-5;-23;8;-14;11;-40;11;-13;4;9;-11;7;29;-40;-18;-18;-29;7;17;-33;-5;6;-47;-4;-16;-34;11;-38;-1;15;-26;-18;7;-3;11;-20;-82;13;-6;-26;-1;-6;-18;16;-15;-5;-35;-31;-14;9;-2;8;-22;12;-16;-43;5;13;1;-49;16;17;-15;-4;-42;-53;-9;-25;-6;-28;-13;-11;3;14;-20;-32;5;36;-33;-20;-6;0;-6;-6;-10;6;-22;-12;-4;-22;-24;-5;-14;-21;1;-24;-14;23;-14;-14;-37;15;10;-16;11;-16;4;-15;38;14;-14;-20;-9;-17;2;18;0;-18;11;-12;28;10;-3;-41;-11;21;-35;-3;24;22;5;-19;-3;-53;-57;0;-26;-21;1;-25;9;-56;-3;20;-37;13;-23;11;1;-10;-12;5;10;-3;22;-39;13;-12;-6;22;-2;-21;16;-4;-2;-4;-6;-23;19;-6;-2;-22;0;3;-42;-45;-7;-13;-32;-8;0;11;-25;-1;-14;19;17;-20;14;-10;-18;-30;30;-13;-28;1;20;-11;-38;3;-9;-25;0;26;-18;-24;-35;-15;-13;-3;16;-13;-19;14;-11;2;-12;-8;1;-3;-13;-17;-9;-5;1;16;-56;-2;-7;-17;30;-3;-2;-6;-21;12;9;8;-35;-1;-3;-17;-3;-6;1;22;1;10;-11;-17;21;-27;-24;-10;-26;-11;-4;27;-29;2;-3;-64;-67;-19;19;11;1;2;-29;-73;-28;1;-27;13;4;14;-14;-2;-8;-18;-9;19;-14;-17;-21;-24;-5;1;-22;-19;3;2;12;10;-11;-19;-13;-18;-11;-13;21;2;-5;-56;19;5;-65;-31;-5;-21;6;38;1;15;3;-112;-23;-10;-32;-25;-1;-24;-24;8;-1;3;-29;-3;13;9;-3;-36;6;-65;-46;-11;-23;-12;14;-9;-1;-17;-39;0;-31;19;-6;-56;-19;-16;-13;3;9;13;-70;-19;17;-10;-22;-12;-8;-43;-18;4;29;-17;-36;-111;-32;-31;-31;-5;-18;19;-15;-30;-18;-10;16;-8;2;19;-2;-11;-19;-94;-22;-9;-21;-6;-76;-18;9;4;-3;-26;-13;4;-36;-13;-36;8;12;9;-14;19;-9;-9;13;14;13;6;15;-29;-21;-30;4;-16;-28;12;25;4;-3;-34;14;2;22;19;1;17;17;-46;-13;-1;-14;-3;17;-20;6;-34;-8;22;15;4;-11;4;-46;-18;-2;-11;-19;-22;6;-84;33;13;-7;-11;4;-24;-2;-42;-52;-22;-7;13;19;-20;-30;18;-51;15;-15;-12;-18;-5;-21;11;-70;-14;-7;-1;8;-8;-42;-5;6;-17;0;-11;-22;0;-72;-6;-22;-7;14;-43;5;16;-25;8;-18;-7;9;2;-24;-22;-10;-18;-21;-16;0;-16;3;-8;-18;3;-45;-23;9;-2;-8;-19;-25;21;-31;-23;-10;13;13;13;-8;-30;-45;13;-11;-16;-13;-15;12;4;-28;13;-14;-9;-11;-10;31;-22;-18;-27;16;-29;5;17;-6;23;-37;-84;31;-6;21;-20;-21;-32;-3;-12;7;-6;5;-62;5;-13;-7;-16;6;-17;-18;7;-6;-43;-27;-17;11;2;22;-11;7;2;-18;7;-13;-12;-10;5;-39;16;14;14;-27;-27;-16;-57;-25;9;2;-8;1;5;-18;-9;-49;19;7;-44;4;-20;11;2;6;17;-65;-51;-19;-32;-20;-17;-10;5;19;5;-5;23;13;-7;-1;-13;-20;-9;-21;-7;1;23;-18;-11;-48;-25;8;2;2;-34;-59;-3;-31;7;-13;4;6;-14;8;16;-8;5;-9;-13;5;-24;-1;11;-33;6;17;18;-35;10;38;-18;3;-43;10;2;4;21;-5;6;-7;-53;-7;36;-63;-27;16;8;-15;18;-9;-6;1;-32;-2;-22;-35;0;1;12;-13;-13;17;-44;-64;12;-7;5;-17;8;0;-55;-71;-23;-10;-13;-9;-6;-24;-19;-20;-13;-41;0;8;-29;-32;-30;-23;-1;8;14;-34;2;-17;7;15;47;-4;-15;-2;0;-41;22;-34;-30;-26;-3;-9;-12;-28;9;6;-2;9;-8;-18;-45;-18;13;8;-8;-39;-32;-8;-23;9;-62;-15;6;-10;-4;14;-22;-69;37;-13;3;3;20;-18;13;3;-11;-1;-14;-6;-15;20;-6;-8;-2;-5;-20;9;3;-2;15;-127;-14;10;8;21;16;-5;8;-5;2;-24;6;-36;-15;-36;16;1;-20;18;-31;-25;21;-2;-62;-1;15;-2;-13;-36;-68;-19;-3;19;14;-17;17;8;-19;21;1;-78;-29;-8;-3;-45;11;8;-24;-21;11;12;-3;-32;-10;7;4;-24;16;-45;-23;-4;3;-55;-13;44;-23;11;-4;-16;-3;10;-1;-19;16;-11;36;-81;-32;-61;4;17;-9;-8;-7;4;-25;-14;-67;4;-23;-15;-18;-8;-16;-13;17;-15;-11;6;-22;0;-23;-13;-19;-39;-52;-18;-19;-24;-4;-6;-15;-12;12;-16;-11;-6;-25;10;-12;-20;-21;-25;2;-10;3;36;-8;-77;20;17;-41;-13;-29;-22;-8;-64;16;0;-4;-36;-3;-11;-15;-32;-5;-10;-74;3;22;-2;-40;-21;18;-39;-9;32;10;-2;21;-2;28;-12;-15;-8;-14;7;23;-1;1;-49;12;6;-14;-8;-15;-22;2;-52;-10;-12;-9;-31;-46;-12;-16;-43;-7;14;-15;-12;-21;-25;10;-23;-68;-9;-37;20;-6;-41;7;-10;14;13;-92;2;15;-15;-8;18;-1;-10;-26;-2;-62;-6;17;-30;15;29;8;13;13;17;-6;-31;10;12;11;-4;-30;10;-58;-31;-12;-12;-23;-10;10;5;-18;4;8;-6;-7;12;-48;-8;-1;-10;-9;-18;-14;34;-17;-21;14;-7;-28;-2;-21;6;11;9;-12;21;-69;-18;-81;19;2;3;-18;1;16;8;-15;-2;-82;2;7;-40;-50;-9;-15;-2;9;21;-27;-5;-13;-10;-21;9;-18;17;6;11;7;-21;-18;-23;20;-40;-13;-6;-23;6;-3;-8;-7;-22;-12;15;6;-2;-12;-43;14;-52;-20;3;-29;11;-63;8;2;10;-23;22;-35;-20;-56;14;-21;-35;-4;22;9;-20;12;3;-61;8;-15;-40;-7;2;3;-40;13;4;-24;-29;-5;-28;-5;-21;18;13;-29;-19;-18;-59;-16;6;10;-7;-29;-18;22;-15;-16;6;-32;-15;-4;-11;-1;-16;13;32;-16;-50;9;-5;-18;23;-13;23;0;-7;17;-34;17;-8;-1;-11;7;2;-8;6;17;-12;-9;-1;-34;-20;17;-13;-24;-25;-27;-13;6;-1;-5;1;16;20;14;-13;-9;-3;-24;-28;17;-20;9;2;-15;-20;-11;-13;12;-20;-32;15;-10;-33;-11;-13;19;14;-12;4;7;-39;-4;-2;-29;-15;-30;13;-16;1;15;-17;-43;23;-35;17;0;-8;-19;-18;-17;6;-5;-2;-56;-21;8;6;-20;-21;-11;-9;15;-9;-46;-32;-23;11;18;-18;-32;10;-41;-37;-9;-41;8;-4;-23;-9;-1;-21;-13;-17;-35;3;-43;-27;-3;-14;12;11;-23;19;-20;4;0;3;-2;-13;-33;3;-23;17;-7;-85;-6;-37;27;-17;-7;-24;-9;7;33;-21;-17;17;-75;-23;-8;-38;-22;-17;-8;2;-9;-19;-13;-13;9;3;-19;-15;-9;-8;-44;-32;19;-24;12;-16;-16;4;-25;-22;4;-1;12;-6;-8;-7;-1;-16;7;-19;14;0;16;0;-4;17;-27;-11;-25;-19;11;16;-5;-31;-10;-19;-18;-6;-19;-16;13;-2;5;5;3;21;-11;13;-6;3;-29;-10;-22;-35;-13;2;-23;-59;-12;-13;-11;-23;-2;-20;-95;-3;10;-40;-5;4;6;-23;3;17;19;-19;13;-22;-42;-26;23;1;-21;-4;-4;15;2;-26;-8;-4;-19;-19;-14;22;-4;-34;-15;-4;13;-53;48;-55;17;8;8;14;-33;17;4;2;-31;20;0;-21;33;-35;31;-24;-16;-9;-2;-44;-22;2;17;-3;-39;-42;-29;-26;-2;11;-11;-15;9;-2;-26;-35;-14;-46;-10;-14;-31;-41;-12;-22;-28;2;3;-16;-1;2;-2;16;-12;4;35;19;-7;29;-16;-9;-34;-75;-45;9;10;19;12;-24;5;-7;-20;15;-62;-2;0;-36;-9;-28;-17;-4;-16;-3;-68;-14;13;6;-10;-5;-9;0;-28;10;-23;-23;-20;0;-5;-10;13;-4;11;-6;3;-22;-26;4;9;7;-13;-21;16;16;13;-42;-7;-22;-10;-12;-12;14;-9;-22;23;27;17;-41;-14;-41;12;12;7;7;-21;-2;2;-12;-18;5;-11;-16;4;31;-22;-17;-19;7;42;4;-19;-24;18;18;-4;-9;-96;-61;21;2;-5;-3;-12;-26;-6;-16;-1;-2;-18;-16;-36;-23;-2;2;0;2;7;0;12;-24;17;7;-55;-12;-31;-11;2;-7;-19;-24;8;-21;-49;-25;19;11;9;-12;-3;-20;-2;16;-27;12;-2;-10;-14;-39;-41;-16;12;-11;12;-9;-12;14;6;-7;-8;-12;-47;11;-4;7;1;22;-18;-8;3;-1;17;15;-12;12;-32;3;-15;-21;-15;5;-7;-14;-2;7;19;-4;-15;-6;-10;-5;17;-28;16;-32;10;-33;26;-31;16;-4;-25;10;-61;4;19;15;-9;15;22;-15;-15;24;27;5;2;-16;-32;-17;-11;-25;20;-13;-32;-55;38;-49;15;-39;7;5;2;-23;-25;-17;0;-22;-14;22;-22;-28;4;34;-8;-14;8;10;-11;-33;-15;-11;4;-1;-5;4;
35
199;-28;108;129;52;94;73;42;53;-34;-3;-47;16;-89;-72;139;-32;-46;-314;-26;-11;-36;54;-39;155;-78;-117;-83;-54;-10;111;-121;-165;-99;-208;
1
0.008066461;
0.56547934;
-128;
1.0509429;
82;